     2.750,   301,   114,         0.00,        93.94
     2.805,   301,   114,         0.00,        93.94
     2.860,   301,   113,         1.00,        93.52
     2.915,   302,   114,         2.41,        94.85
     2.970,   300,   113,         4.65,        92.61
     3.025,   300,   112,         5.65,        92.20
     3.080,   302,   113,         7.89,        94.43
     3.135,   301,   113,         8.89,        93.52
     3.190,   300,   112,        10.30,        92.20
     4.180,   293,   119,        20.20,        89.19
     4.235,   293,   116,        23.20,        87.71
     4.290,   295,   111,        28.59,        87.24
     4.345,   295,   112,        29.59,        87.66
     4.400,   294,   111,        31.00,        86.33
     4.455,   292,   111,        33.00,        84.53
     4.510,   293,   112,        34.41,        85.87
     4.565,   292,   111,        35.83,        84.53
     4.620,   293,   111,        36.83,        85.43
     4.675,   291,   111,        38.83,        83.63
     4.730,   290,   110,        40.24,        82.29
     4.785,   290,   111,        41.24,        82.73
     4.840,   290,   111,        41.24,        82.73
     4.895,   290,   110,        42.24,        82.29
     4.950,   287,   110,        45.24,        79.61
     5.005,   289,   110,        47.24,        81.39
     5.060,   289,   109,        48.24,        80.96
     5.115,   288,   110,        49.66,        80.50
     5.170,   287,   110,        50.66,        79.61
     5.225,   285,   109,        52.89,        77.37
     5.280,   278,   109,        59.89,        71.20
     5.335,   282,   109,        63.89,        74.71
     5.390,   280,   109,        65.89,        72.95
     5.445,   277,   109,        68.89,        70.33
     5.500,   272,   108,        73.99,        65.51
     5.555,   274,   108,        75.99,        67.23
     5.610,   267,   108,        82.99,        61.29
     5.665,   270,   108,        85.99,        63.81
     5.720,   269,   108,        86.99,        62.97
     5.775,   262,   107,        94.06,        56.61
     5.830,   261,   106,        95.48,        55.22
     5.885,   260,   106,        96.48,        54.41
     5.940,   260,   106,        96.48,        54.41
     5.995,   256,   104,       100.95,        50.00
     6.050,   256,   104,       100.95,        50.00
     6.105,   255,   102,       103.18,        48.01
     6.160,   255,   101,       104.18,        47.43
     6.215,   254,   100,       105.60,        46.04
     6.270,   254,    99,       106.60,        45.49
     6.325,   254,    98,       107.60,        44.94
     6.380,   254,    97,       108.60,        44.42
     6.435,   255,    97,       109.60,        45.28
     6.490,   255,    96,       110.60,        44.78
     6.545,   255,    96,       110.60,        44.78
     6.600,   255,    95,       111.60,        44.29
     6.655,   256,    95,       112.60,        45.18
     6.710,   256,    96,       113.60,        45.65
     6.765,   256,    96,       113.60,        45.65
     6.820,   256,    96,       113.60,        45.65
     6.875,   253,    95,       116.76,        42.54
     6.930,   255,    95,       118.76,        44.29
     6.985,   254,    95,       119.76,        43.42
     7.040,   255,    95,       120.76,        44.29
     7.095,   253,    94,       123.00,        42.06
     7.150,   255,    95,       125.23,        44.29
     7.205,   254,    94,       126.65,        42.94
     7.260,   256,    95,       128.88,        45.18
     7.315,   256,    96,       129.88,        45.65
     7.370,   257,    96,       130.88,        46.53
     7.425,   257,    97,       131.88,        47.01
     7.480,   258,    99,       134.12,        48.88
     7.535,   258,    99,       134.12,        48.88
     7.590,   259,   101,       136.36,        50.77
     7.645,   259,   103,       138.36,        51.87
     7.700,   259,   103,       138.36,        51.87
     7.755,   259,   105,       140.36,        53.01
     7.810,   260,   107,       142.59,        55.00
     7.865,   261,   108,       144.01,        56.40
     7.920,   261,   110,       146.01,        57.63
     7.975,   262,   112,       148.24,        59.67
     8.030,   263,   113,       149.66,        61.07
     8.085,   263,   115,       151.66,        62.37
     8.140,   263,   116,       152.66,        63.03
     8.195,   264,   118,       154.89,        65.12
     8.250,   264,   120,       156.89,        66.48
     8.305,   264,   121,       157.89,        67.18
     8.360,   265,   123,       160.13,        69.30
     8.415,   267,   126,       163.73,        72.84
     8.470,   267,   127,       164.73,        73.55
     8.525,   269,   129,       167.56,        76.38
     8.580,   268,   131,       169.80,        77.16
     8.635,   270,   132,       172.03,        79.25
     8.690,   273,   134,       175.64,        82.76
     8.745,   282,   135,       184.70,        89.87
     8.800,   283,   134,       186.11,        89.94
     8.855,   284,   133,       187.52,        90.03
     8.910,   284,   131,       189.52,        88.73
     8.965,   284,   129,       191.52,        87.46
     9.020,   284,   129,       191.52,        87.46
     9.075,   284,   127,       193.52,        86.21
     9.130,   284,   125,       195.52,        85.00
     9.185,   283,   124,       196.94,        83.60
     9.240,   283,   123,       197.94,        83.01
     9.295,   282,   121,       200.17,        81.02
     9.350,   281,   120,       201.59,        79.63
     9.405,   280,   118,       203.82,        77.67
     9.460,   280,   117,       204.82,        77.10
     9.515,   277,   116,       207.99,        74.06
     9.570,   278,   115,       209.40,        74.33
     9.625,   276,   114,       211.64,        72.11
     9.680,   273,   112,       215.24,        68.51
     9.735,   273,   111,       216.24,        67.96
     9.790,   272,   110,       217.66,        66.57
     9.845,   269,   108,       221.26,        62.97
     9.900,   267,   106,       224.09,        60.21
     9.955,   267,   106,       224.09,        60.21
    10.010,   265,   104,       226.92,        57.45
    10.065,   263,   102,       229.75,        54.71
    10.120,   261,   101,       231.98,        52.48
    10.175,   260,    99,       234.22,        50.61
    10.230,   257,    97,       237.83,        47.01
    10.285,   255,    96,       240.06,        44.78
    10.340,   254,    94,       242.30,        42.94
    10.395,   252,    92,       245.13,        40.25
    10.450,   252,    92,       245.13,        40.25
    10.505,   250,    90,       247.95,        37.58
    10.560,   248,    88,       250.78,        34.93
    10.615,   246,    87,       253.02,        32.70
    10.670,   245,    85,       255.26,        31.02
    10.725,   243,    84,       257.49,        28.79
    10.780,   240,    82,       261.10,        25.30
    10.835,   238,    80,       263.93,        22.80
    10.890,   236,    79,       266.16,        20.62
    10.945,   236,    78,       267.16,        20.40
    11.000,   233,    76,       270.77,        17.12
    11.055,   230,    75,       273.93,        14.04
    11.110,   230,    74,       274.93,        14.00
    11.165,   226,    72,       279.40,        10.20
    11.220,   227,    72,       280.40,        11.18
    11.275,   223,    70,       284.87,         8.06
    11.330,   219,    69,       289.00,         5.83
    11.385,   221,    69,       291.00,         7.07
    11.440,   219,    68,       293.23,         6.71
    11.495,   217,    67,       295.47,         7.07
    11.550,   215,    67,       297.47,         7.07
    11.605,   214,    66,       298.88,         8.25
    11.660,   213,    66,       299.88,         8.54
    11.715,   209,    65,       304.01,        11.40
    11.770,   211,    65,       306.01,        10.30
    11.825,   207,    65,       310.01,        12.73
    11.880,   201,    64,       316.09,        18.03
    11.935,   204,    64,       319.09,        15.62
    11.990,   202,    64,       321.09,        17.20
    12.045,   193,    63,       330.14,        25.50
    12.100,   197,    63,       334.14,        21.95
    12.155,   196,    64,       335.56,        22.36
    12.210,   190,    63,       341.64,        28.23
    12.265,   191,    64,       343.06,        26.93
    12.320,   189,    64,       345.06,        28.79
    12.375,   187,    64,       347.06,        30.68
    12.430,   184,    64,       350.06,        33.53
    12.485,   182,    65,       352.29,        35.17
    12.540,   180,    64,       354.53,        37.36
    12.595,   177,    65,       357.69,        40.02
    12.650,   167,    64,       367.74,        50.01
    12.705,   172,    64,       372.74,        45.12
    12.760,   167,    64,       377.74,        50.01
    12.815,   165,    64,       379.74,        51.97
    12.870,   162,    63,       382.90,        55.11
    12.925,   159,    63,       385.90,        58.05
    12.980,   155,    62,       390.02,        62.17
    13.035,   152,    61,       393.19,        65.31
    13.090,   154,    62,       395.42,        63.15
    13.145,   148,    60,       401.75,        69.43
    13.200,   148,    60,       401.75,        69.43
    13.255,   146,    60,       403.75,        71.39
    13.310,   144,    59,       405.98,        73.55
    13.365,   144,    59,       405.98,        73.55
    13.420,   142,    59,       407.98,        75.50
    13.475,   137,    58,       413.08,        80.60
    13.530,   141,    59,       417.21,        76.49
    13.585,   138,    59,       420.21,        79.43
    13.640,   136,    58,       422.44,        81.58
    13.695,   135,    59,       423.86,        82.38
    13.750,   131,    58,       427.98,        86.49
    13.805,   130,    58,       428.98,        87.48
    13.860,   129,    59,       430.39,        88.28
    13.915,   126,    60,       433.56,        91.08
    13.970,   124,    59,       435.79,        93.21
    14.025,   122,    60,       438.03,        95.04
    14.080,   121,    61,       439.44,        95.89
    14.135,   118,    61,       442.44,        98.86
    14.190,   116,    62,       444.68,       100.72
    14.245,   114,    62,       446.68,       102.70
    14.300,   113,    64,       448.91,       103.48
    14.355,   112,    66,       451.15,       104.31
    14.410,   111,    67,       452.56,       105.23
    14.465,   110,    69,       454.80,       106.12
    14.520,   110,    71,       456.80,       106.04
    14.575,   109,    72,       458.21,       107.02
    14.630,   108,    74,       460.45,       108.00
    14.685,   107,    76,       462.69,       109.02
    14.740,   107,    77,       463.69,       109.04
    14.795,   106,    79,       465.92,       110.11
    14.850,   105,    82,       469.09,       111.29
    14.905,   105,    83,       470.09,       111.36
    14.960,   105,    85,       472.09,       111.54
    15.015,   104,    86,       473.50,       112.64
    15.070,   104,    89,       476.50,       113.00
    15.125,   104,    91,       478.50,       113.28
    15.180,   103,    92,       479.91,       114.42
    15.235,   102,    95,       483.08,       115.92
    15.290,   102,    97,       485.08,       116.30
    15.345,   102,    99,       487.08,       116.71
    15.400,   101,   101,       489.31,       118.13
    15.455,   100,   103,       491.55,       119.57
    15.510,   101,   105,       493.78,       119.10
    15.565,   100,   107,       496.02,       120.60
    15.620,   100,   110,       499.02,       121.46
    15.675,    99,   111,       500.43,       122.71
    15.730,    99,   114,       503.43,       123.65
    15.785,    99,   116,       505.43,       124.31
    15.840,    99,   118,       507.43,       125.00
    15.895,    98,   120,       509.67,       126.65
    15.950,    99,   122,       511.91,       126.46
    16.005,    98,   124,       514.14,       128.16
    16.060,    98,   127,       517.14,       129.36
    16.115,    98,   128,       518.14,       129.77
    16.170,    98,   131,       521.14,       131.05
    16.225,    97,   133,       523.38,       132.82
    16.280,    96,   134,       524.79,       134.16
    16.335,    96,   136,       526.79,       135.07
    16.390,    95,   138,       529.03,       136.88
    16.445,    94,   139,       530.44,       138.24
    16.500,    94,   141,       532.44,       139.19
    16.555,    93,   144,       535.61,       141.52
    16.610,    93,   145,       536.61,       142.02
    16.665,    92,   147,       538.84,       143.89
    16.720,    92,   150,       541.84,       145.44
    16.775,    93,   151,       543.26,       145.11
    16.830,    95,   153,       546.08,       144.51
    16.885,    95,   154,       547.08,       145.06
    16.940,    96,   155,       548.50,       144.78
    16.995,    97,   157,       550.73,       145.09
    17.050,    98,   157,       551.73,       144.27
    17.105,   100,   159,       554.56,       143.81
    17.160,   102,   161,       557.39,       143.41
    17.215,   102,   161,       557.39,       143.41
    17.270,   104,   163,       560.22,       143.06
    17.325,   105,   165,       562.46,       143.53
    17.380,   106,   165,       563.46,       142.76
    17.435,   107,   167,       565.69,       143.28
    17.490,   110,   170,       569.93,       143.01
    17.545,   111,   171,       571.35,       142.95
    17.600,   112,   173,       573.58,       143.59
    17.655,   114,   175,       576.41,       143.54
    17.710,   116,   176,       578.65,       142.84
    17.765,   119,   178,       582.25,       142.21
    17.820,   120,   179,       583.67,       142.27
    17.875,   121,   179,       584.67,       141.60
    17.930,   125,   181,       589.14,       140.46
    17.985,   126,   181,       590.14,       139.82
    18.040,   129,   182,       593.30,       138.68
    18.095,   130,   183,       594.72,       138.84
    18.150,   132,   183,       596.72,       137.61
    18.205,   135,   184,       599.88,       136.61
    18.260,   140,   185,       604.98,       134.53
    18.315,   144,   185,       608.98,       132.31
    18.370,   144,   185,       608.98,       132.31
    18.425,   147,   185,       611.98,       130.70
    18.480,   151,   185,       615.98,       128.63
    18.535,   152,   184,       617.39,       127.26
    18.590,   155,   183,       620.56,       124.91
    18.645,   156,   182,       621.97,       123.55
    18.700,   158,   182,       623.97,       122.59
    18.755,   159,   180,       626.21,       120.35
    18.810,   161,   178,       629.03,       117.65
    18.865,   162,   178,       630.03,       117.18
    18.920,   163,   176,       632.27,       114.95
    18.975,   165,   174,       635.10,       112.25
    19.030,   167,   173,       637.33,       110.46
    19.085,   168,   171,       639.57,       108.23
    19.140,   169,   170,       640.99,       106.89
    19.195,   171,   169,       643.22,       105.12
    19.250,   172,   167,       645.46,       102.88
    19.305,   174,   165,       648.29,       100.22
    19.360,   176,   164,       650.52,        98.49
    19.415,   177,   162,       652.76,        96.25
    19.470,   179,   161,       654.99,        94.54
    19.525,   181,   160,       657.23,        92.85
    19.580,   181,   158,       659.23,        91.00
    19.635,   184,   157,       662.39,        88.96
    19.690,   186,   155,       665.22,        86.38
    19.745,   187,   154,       666.63,        85.09
    19.800,   189,   153,       668.87,        83.49
    19.855,   190,   151,       671.11,        81.27
    19.910,   192,   149,       673.94,        78.75
    19.965,   191,   148,       675.35,        78.11
    20.020,   195,   146,       679.82,        75.00
    20.075,   196,   143,       682.98,        71.84
    20.130,   198,   142,       685.22,        70.34
    20.185,   198,   140,       687.22,        68.41
    20.240,   200,   138,       690.05,        65.97
    20.295,   200,   136,       692.05,        64.03
    20.350,   201,   134,       694.28,        61.85
    20.405,   201,   132,       696.28,        59.91
    20.460,   201,   130,       698.28,        57.97
    20.515,   201,   128,       700.28,        56.04
    20.570,   201,   126,       702.28,        54.12
    20.625,   201,   124,       704.28,        52.20
    20.680,   201,   122,       706.28,        50.29
    20.735,   200,   120,       708.52,        48.70
    20.790,   200,   118,       710.52,        46.82
    20.845,   199,   116,       712.76,        45.31
    20.900,   199,   115,       713.76,        44.38
    20.955,   198,   113,       715.99,        42.95
    21.010,   197,   111,       718.23,        41.59
    21.065,   197,   110,       719.23,        40.71
    21.120,   196,   107,       722.39,        38.59
    21.175,   195,   106,       723.81,        38.28
    21.230,   193,   105,       726.04,        38.60
    21.285,   193,   104,       727.04,        37.80
    21.340,   191,   103,       729.28,        38.29
    21.395,   189,   102,       731.51,        38.90
    21.450,   190,   101,       732.93,        37.48
    21.505,   189,   101,       733.93,        38.18
    21.560,   184,   100,       739.03,        41.23
    21.615,   185,    99,       740.44,        39.82
    21.670,   184,    99,       741.44,        40.61
    21.725,   184,    99,       741.44,        40.61
    21.780,   181,    98,       744.60,        42.44
    21.835,   179,    98,       746.60,        44.10
    21.890,   177,    97,       748.84,        45.28
    21.945,   174,    96,       752.00,        47.41
    22.000,   172,    96,       754.00,        49.19
    22.055,   171,    95,       755.42,        49.66
    22.110,   168,    94,       758.58,        52.00
    22.165,   167,    94,       759.58,        52.92
    22.220,   165,    93,       761.81,        54.42
    22.275,   159,    92,       767.90,        59.77
    22.330,   160,    92,       768.90,        58.82
    22.385,   159,    91,       770.31,        59.48
    22.440,   154,    90,       775.41,        64.03
    22.495,   154,    90,       775.41,        64.03
    22.550,   152,    89,       777.65,        65.73
    22.605,   151,    89,       778.65,        66.71
    22.660,   147,    88,       782.77,        70.41
    22.715,   145,    87,       785.01,        72.18
    22.770,   143,    87,       787.01,        74.15
    22.825,   141,    86,       789.24,        75.95
    22.880,   138,    85,       792.40,        78.77
    22.935,   136,    85,       794.40,        80.75
    22.990,   135,    84,       795.82,        81.61
    23.045,   132,    83,       798.98,        84.48
    23.100,   130,    83,       800.98,        86.47
    23.155,   126,    81,       805.45,        90.27
    23.210,   126,    81,       805.45,        90.27
    23.265,   124,    80,       807.69,        92.20
    23.320,   120,    78,       812.16,        96.08
    23.375,   120,    78,       812.16,        96.08
    23.430,   118,    77,       814.40,        98.05
    23.485,   115,    75,       818.00,       101.00
    23.540,   114,    75,       819.00,       102.00
    23.595,   112,    74,       821.24,       104.00
    23.650,   109,    72,       824.84,       107.02
    23.705,   109,    72,       824.84,       107.02
    23.760,   108,    71,       826.26,       108.04
    23.815,   106,    70,       828.49,       110.07
    23.870,   105,    70,       829.49,       111.07
    23.925,   104,    69,       830.91,       112.11
    23.980,   101,    68,       834.07,       115.16
    24.035,   104,    69,       837.23,       112.11
    24.090,   103,    68,       838.65,       113.16
    24.145,   101,    67,       840.88,       115.21
    24.200,   100,    68,       842.30,       116.16
    24.255,    98,    67,       844.53,       118.21
    24.310,    96,    68,       846.77,       120.15
    24.365,    95,    69,       848.18,       121.10
    24.420,    93,    69,       850.18,       123.10
    24.475,    93,    71,       852.18,       123.04
    24.530,    93,    73,       854.18,       123.00
    24.585,    92,    74,       855.60,       124.00
    24.640,    92,    76,       857.60,       124.02
    24.695,    92,    77,       858.60,       124.04
    24.750,    92,    80,       861.60,       124.15
    24.805,    92,    82,       863.60,       124.26
    24.860,    92,    82,       863.60,       124.26
    24.915,    92,    85,       866.60,       124.49
    24.970,    93,    88,       869.76,       123.79
    25.025,    93,    89,       870.76,       123.91
    25.080,    93,    91,       872.76,       124.17
    25.135,    93,    94,       875.76,       124.62
    25.190,    94,    95,       877.17,       123.79
    25.245,    94,    97,       879.17,       124.15
    25.300,    94,   100,       882.17,       124.74
    25.355,    94,   102,       884.17,       125.17
    25.410,    95,   104,       886.41,       124.66
    25.465,    95,   106,       888.41,       125.16
    25.520,    95,   108,       890.41,       125.69
    25.575,    96,   111,       893.57,       125.57
    25.630,    97,   113,       895.81,       125.23
    25.685,    97,   114,       896.81,       125.54
    25.740,    98,   117,       899.97,       125.59
    25.795,    99,   118,       901.39,       125.00
    25.850,   100,   120,       903.62,       124.79
    25.905,   102,   123,       907.23,       124.08
    25.960,   102,   124,       908.23,       124.48
    26.015,   103,   126,       910.46,       124.39
    26.070,   105,   129,       914.07,       123.88
    26.125,   105,   130,       915.07,       124.33
    26.180,   106,   132,       917.30,       124.35
    26.235,   109,   135,       921.55,       123.17
    26.290,   109,   136,       922.55,       123.66
    26.345,   111,   139,       926.15,       123.49
    26.400,   112,   141,       928.39,       123.71
    26.455,   112,   142,       929.39,       124.26
    26.510,   113,   145,       932.55,       125.10
    26.565,   115,   148,       936.16,       125.21
    26.620,   116,   149,       937.57,       125.00
    26.675,   117,   152,       940.73,       126.04
    26.730,   117,   153,       941.73,       126.66
    26.785,   119,   155,       944.56,       126.37
    26.840,   120,   157,       946.80,       126.91
    26.895,   123,   159,       950.40,       125.99
    26.950,   124,   161,       952.64,       126.62
    27.005,   127,   163,       956.24,       125.87
    27.060,   129,   164,       958.48,       125.18
    27.115,   129,   166,       960.48,       126.62
    27.170,   132,   168,       964.09,       126.06
    27.225,   134,   169,       966.32,       125.50
    27.280,   134,   170,       967.32,       126.25
    27.335,   138,   173,       972.32,       126.04
    27.390,   140,   174,       974.56,       125.60
    27.445,   141,   175,       975.97,       125.80
    27.500,   143,   177,       978.80,       126.25
    27.555,   145,   178,       981.04,       125.92
    27.610,   149,   180,       985.51,       125.40
    27.665,   149,   180,       985.51,       125.40
    27.720,   153,   182,       989.98,       125.03
    27.775,   154,   183,       991.40,       125.40
    27.830,   155,   183,       992.40,       124.91
    27.885,   158,   184,       995.56,       124.35
    27.940,   165,   186,      1002.84,       123.07
    27.995,   168,   186,      1005.84,       121.85
    28.050,   167,   186,      1006.84,       122.25
    28.105,   174,   186,      1013.84,       119.62
    28.160,   175,   185,      1015.25,       118.33
    28.215,   177,   184,      1017.49,       116.71
    28.270,   178,   182,      1019.72,       114.49
    28.325,   179,   181,      1021.14,       113.22
    28.380,   181,   180,      1023.37,       111.63
    28.435,   183,   179,      1025.61,       110.06
    28.490,   184,   177,      1027.85,       107.86
    28.545,   185,   176,      1029.26,       106.61
    28.600,   186,   174,      1031.50,       104.40
    28.655,   188,   173,      1033.73,       102.88
    28.710,   189,   172,      1035.15,       101.65
    28.765,   190,   170,      1037.38,        99.46
    28.820,   192,   168,      1040.21,        97.02
    28.875,   194,   167,      1042.45,        95.57
    28.930,   195,   165,      1044.68,        93.39
    28.985,   197,   164,      1046.92,        91.98
    29.040,   199,   163,      1049.16,        90.61
    29.095,   200,   161,      1051.39,        88.46
    29.150,   202,   160,      1053.63,        87.13
    29.205,   203,   158,      1055.86,        85.00
    29.260,   204,   155,      1059.03,        81.88
    29.315,   205,   154,      1060.44,        80.75
    29.370,   206,   152,      1062.68,        78.64
    29.425,   207,   149,      1065.84,        75.54
    29.480,   208,   148,      1067.25,        74.43
    29.535,   209,   145,      1070.42,        71.34
    29.590,   210,   143,      1072.65,        69.26
    29.645,   210,   141,      1074.65,        67.27
    29.700,   211,   139,      1076.89,        65.19
    29.755,   211,   136,      1079.89,        62.20
    29.810,   212,   135,      1081.30,        61.13
    29.865,   213,   132,      1084.46,        58.08
    29.920,   213,   129,      1087.46,        55.08
    29.975,   214,   128,      1088.88,        54.04
    30.030,   214,   125,      1091.88,        51.04
    30.085,   215,   124,      1093.29,        50.01
    30.140,   216,   121,      1096.46,        47.00
    30.195,   216,   118,      1099.46,        44.00
    30.250,   217,   117,      1100.87,        43.01
    30.305,   218,   114,      1104.03,        40.05
    30.360,   218,   112,      1106.03,        38.05
    30.415,   219,   110,      1108.27,        36.12
    30.470,   219,   107,      1111.27,        33.14
    30.525,   220,   105,      1113.50,        31.26
    30.580,   220,   103,      1115.50,        29.27
    30.635,   221,   101,      1117.74,        27.46
    30.690,   221,    98,      1120.74,        24.52
    30.745,   222,    97,      1122.15,        23.77
    30.800,   221,    94,      1125.32,        20.62
    30.855,   222,    92,      1127.55,        18.97
    30.910,   220,    90,      1130.38,        16.49
    30.965,   220,    88,      1132.38,        14.56
    31.020,   220,    87,      1133.38,        13.60
    31.075,   219,    85,      1135.62,        11.40
    31.130,   219,    83,      1137.62,         9.49
    31.185,   218,    82,      1139.03,         8.25
    31.240,   217,    80,      1141.27,         6.08
    31.295,   217,    79,      1142.27,         5.10
    31.350,   214,    78,      1145.43,         4.47
    31.405,   213,    77,      1146.84,         4.24
    31.460,   213,    76,      1147.84,         3.61
    31.515,   213,    76,      1147.84,         3.61
    31.570,   208,    74,      1153.23,         8.00
    31.625,   209,    74,      1154.23,         7.00
    31.680,   209,    74,      1154.23,         7.00
    31.735,   208,    73,      1155.64,         8.06
    31.790,   207,    73,      1156.64,         9.06
    31.845,   205,    73,      1158.64,        11.05
    31.900,   204,    73,      1159.64,        12.04
    31.955,   202,    73,      1161.64,        14.04
    32.010,   200,    73,      1163.64,        16.03
    32.065,   198,    72,      1165.88,        18.11
    32.120,   196,    73,      1168.12,        20.02
    32.175,   194,    74,      1170.35,        22.00
    32.230,   192,    74,      1172.35,        24.00
    32.285,   190,    75,      1174.59,        26.02
    32.340,   188,    76,      1176.82,        28.07
    32.395,   186,    76,      1178.82,        30.07
    32.450,   184,    77,      1181.06,        32.14
    32.505,   183,    78,      1182.47,        33.24
    32.560,   181,    79,      1184.71,        35.36
    32.615,   179,    81,      1187.54,        37.66
    32.670,   177,    81,      1189.54,        39.62
    32.725,   175,    82,      1191.77,        41.77
    32.780,   173,    84,      1194.60,        44.15
    32.835,   171,    85,      1196.84,        46.32
    32.890,   168,    85,      1199.84,        49.24
    32.945,   167,    87,      1202.07,        50.70
    33.000,   164,    87,      1205.07,        53.60
    33.055,   163,    89,      1207.31,        55.08
    33.110,   159,    89,      1211.31,        58.94
    33.165,   158,    90,      1212.73,        60.17
    33.220,   156,    91,      1214.96,        62.36
    33.275,   153,    92,      1218.12,        65.52
    33.330,   151,    92,      1220.12,        67.45
    33.385,   149,    94,      1222.95,        69.92
    33.440,   147,    94,      1224.95,        71.84
    33.495,   144,    95,      1228.11,        75.00
    33.550,   142,    96,      1230.35,        77.20
    33.605,   141,    96,      1231.35,        78.16
    33.660,   138,    97,      1234.51,        81.32
    33.715,   136,    98,      1236.75,        83.52
    33.770,   134,    99,      1238.98,        85.73
    33.825,   132,   100,      1241.22,        87.93
    33.880,   130,   102,      1244.05,        90.44
    33.935,   128,   102,      1246.05,        92.35
    33.990,   126,   103,      1248.29,        94.56
    34.045,   123,   105,      1251.89,        98.03
    34.100,   122,   105,      1252.89,        98.98
    34.155,   119,   106,      1256.05,       102.14
    34.210,   117,   108,      1258.88,       104.68
    34.265,   115,   108,      1260.88,       106.57
    34.320,   113,   110,      1263.71,       109.11
    34.375,   111,   111,      1265.95,       111.33
    34.430,   109,   112,      1268.18,       113.55
    34.485,   107,   114,      1271.01,       116.11
    34.540,   106,   114,      1272.01,       117.05
    34.595,   104,   117,      1275.62,       119.97
    34.650,   103,   119,      1277.85,       121.63
    34.705,   102,   120,      1279.27,       122.93
    34.760,   101,   122,      1281.50,       124.62
    34.815,   100,   124,      1283.74,       126.32
    34.870,   100,   126,      1285.74,       127.12
    34.925,    99,   128,      1287.97,       128.86
    34.980,    99,   130,      1289.97,       129.71
    35.035,   101,   132,      1292.80,       128.80
    35.090,   101,   134,      1294.80,       129.71
    35.145,   102,   136,      1297.04,       129.77
    35.200,   103,   137,      1298.45,       129.38
    35.255,   104,   139,      1300.69,       129.50
    35.310,   104,   141,      1302.69,       130.51
    35.365,   106,   142,      1304.93,       129.32
    35.420,   107,   144,      1307.16,       129.54
    35.475,   107,   145,      1308.16,       130.08
    35.530,   109,   148,      1311.77,       130.10
    35.585,   110,   150,      1314.00,       130.43
    35.640,   111,   151,      1315.42,       130.21
    35.695,   112,   154,      1318.58,       131.21
    35.750,   113,   156,      1320.82,       131.65
    35.805,   115,   157,      1323.05,       130.73
    35.860,   115,   159,      1325.05,       132.01
    35.915,   117,   162,      1328.66,       132.46
    35.970,   118,   163,      1330.07,       132.38
    36.025,   120,   165,      1332.90,       132.28
    36.080,   121,   167,      1335.14,       132.94
    36.135,   123,   169,      1337.96,       132.94
    36.190,   125,   171,      1340.79,       133.00
    36.245,   127,   172,      1343.03,       132.38
    36.300,   129,   173,      1345.26,       131.80
    36.355,   129,   175,      1347.26,       133.30
    36.410,   133,   176,      1351.39,       131.50
    36.465,   135,   177,      1353.62,       131.03
    36.520,   136,   178,      1355.04,       131.21
    36.575,   139,   179,      1358.20,       130.21
    36.630,   142,   180,      1361.36,       129.27
    36.685,   145,   181,      1364.53,       128.41
    36.740,   146,   181,      1365.53,       127.86
    36.795,   150,   182,      1369.65,       126.57
    36.850,   154,   183,      1373.77,       125.40
    36.905,   157,   183,      1376.77,       123.94
    36.960,   152,   183,      1381.77,       126.40
    37.015,   158,   184,      1387.85,       124.35
    37.070,   163,   184,      1392.85,       122.10
    37.125,   166,   185,      1396.02,       121.74
    37.180,   168,   185,      1398.02,       120.93
    37.235,   171,   185,      1401.02,       119.77
    37.290,   173,   186,      1403.25,       119.97
    37.345,   175,   185,      1405.49,       118.33
    37.400,   175,   185,      1405.49,       118.33
    37.455,   182,   186,      1412.56,       117.05
    37.510,   183,   184,      1414.80,       114.84
    37.565,   185,   183,      1417.03,       113.32
    37.620,   187,   183,      1419.03,       112.79
    37.675,   188,   181,      1421.27,       110.60
    37.730,   190,   180,      1423.50,       109.14
    37.785,   191,   179,      1424.92,       107.94
    37.840,   193,   177,      1427.75,       105.54
    37.895,   194,   176,      1429.16,       104.35
    37.950,   195,   174,      1431.40,       102.18
    38.005,   196,   172,      1433.63,       100.02
    38.060,   197,   171,      1435.05,        98.84
    38.115,   199,   169,      1437.88,        96.51
    38.170,   200,   167,      1440.11,        94.37
    38.225,   201,   166,      1441.53,        93.21
    38.280,   202,   164,      1443.76,        91.08
    38.335,   204,   162,      1446.59,        88.81
    38.390,   205,   161,      1448.00,        87.69
    38.445,   206,   159,      1450.24,        85.59
    38.500,   207,   156,      1453.40,        82.49
    38.555,   209,   155,      1455.64,        81.30
    38.610,   210,   153,      1457.88,        79.23
    38.665,   212,   151,      1460.70,        77.10
    38.720,   213,   150,      1462.12,        76.06
    38.775,   215,   148,      1464.95,        74.01
    38.830,   216,   147,      1466.36,        73.00
    38.885,   217,   144,      1469.52,        70.01
    38.940,   219,   142,      1472.35,        68.07
    38.995,   220,   141,      1473.77,        67.12
    39.050,   221,   138,      1476.93,        64.20
    39.105,   221,   136,      1478.93,        62.20
    39.160,   222,   135,      1480.34,        61.29
    39.215,   223,   132,      1483.50,        58.42
    39.270,   224,   130,      1485.74,        56.57
    39.325,   224,   128,      1487.74,        54.59
    39.380,   225,   126,      1489.98,        52.77
    39.435,   226,   124,      1492.21,        50.99
    39.490,   226,   122,      1494.21,        49.03
    39.545,   227,   120,      1496.45,        47.30
    39.600,   228,   117,      1499.61,        44.64
    39.655,   228,   116,      1500.61,        43.68
    39.710,   228,   113,      1503.61,        40.80
    39.765,   229,   113,      1504.61,        41.11
    39.820,   229,   109,      1508.61,        37.34
    39.875,   230,   107,      1510.85,        35.85
    39.930,   230,   105,      1512.85,        34.01
    39.985,   231,   103,      1515.08,        32.65
    40.040,   231,   100,      1518.08,        30.02
    40.095,   231,    99,      1519.08,        29.15
    40.150,   231,    96,      1522.08,        26.63
    40.205,   232,    94,      1524.32,        25.61
    40.260,   232,    92,      1526.32,        24.08
    40.315,   232,    90,      1528.32,        22.63
    40.370,   232,    87,      1531.32,        20.62
    40.425,   232,    85,      1533.32,        19.42
    40.480,   233,    84,      1534.73,        19.72
    40.535,   232,    81,      1537.90,        17.46
    40.590,   233,    80,      1539.31,        18.03
    40.645,   233,    78,      1541.31,        17.46
    40.700,   233,    75,      1544.31,        17.03
    40.755,   233,    74,      1545.31,        17.00
    40.810,   233,    72,      1547.31,        17.12
    40.865,   233,    71,      1548.31,        17.26
    40.920,   232,    70,      1549.72,        16.49
    40.975,   233,    69,      1551.14,        17.72
    41.030,   233,    69,      1551.14,        17.72
    41.085,   234,    69,      1552.14,        18.68
    41.140,   234,    68,      1553.14,        18.97
