     3.190,   301,   112,         0.00,        93.11
     3.245,   300,   110,         2.24,        91.39
     3.300,   300,   110,         2.24,        91.39
     3.355,   300,   109,         3.24,        91.00
     3.410,   298,   108,         5.47,        88.77
     3.465,   299,   109,         6.89,        90.08
     3.520,   297,   108,         9.12,        87.85
     3.575,   297,   109,        10.12,        88.24
     3.630,   295,   109,        12.12,        86.41
     3.685,   296,   109,        13.12,        87.32
     3.740,   295,   109,        14.12,        86.41
     3.795,   295,   110,        15.12,        86.82
     3.850,   294,   109,        16.54,        85.49
     3.905,   294,   110,        17.54,        85.91
     3.960,   296,   111,        19.77,        88.14
     4.015,   295,   110,        21.19,        86.82
     4.070,   298,   110,        24.19,        89.55
     4.125,   295,   107,        28.43,        85.62
     4.180,   295,   106,        29.43,        85.23
     4.235,   294,   105,        30.84,        83.93
     4.290,   293,   104,        32.26,        82.64
     4.345,   293,   104,        32.26,        82.64
     4.400,   292,   104,        33.26,        81.71
     4.455,   291,   103,        34.67,        80.41
     4.510,   290,   102,        36.09,        79.12
     4.565,   289,   101,        37.50,        77.83
     4.620,   289,   100,        38.50,        77.49
     4.675,   287,    98,        41.33,        74.95
     4.730,   287,    98,        41.33,        74.95
     4.785,   285,    96,        44.16,        72.42
     4.840,   286,    97,        45.57,        73.68
     4.895,   284,    96,        47.81,        71.47
     4.950,   284,    95,        48.81,        71.17
     5.005,   282,    95,        50.81,        69.26
     5.060,   282,    95,        50.81,        69.26
     5.115,   280,    94,        53.04,        67.05
     5.170,   278,    94,        55.04,        65.15
     5.225,   277,    93,        56.46,        63.89
     5.280,   272,    92,        61.56,        58.82
     5.335,   270,    92,        63.56,        56.92
     5.390,   273,    92,        66.56,        59.77
     5.445,   269,    91,        70.68,        55.66
     5.500,   265,    90,        74.80,        51.55
     5.555,   264,    89,        76.22,        50.29
     5.610,   261,    88,        79.38,        47.13
     5.665,   258,    87,        82.54,        43.97
     5.720,   257,    86,        83.96,        42.72
     5.775,   257,    86,        83.96,        42.72
     5.830,   255,    85,        86.19,        40.52
     5.885,   252,    83,        89.80,        37.11
     5.940,   251,    83,        90.80,        36.14
     5.995,   247,    81,        95.27,        31.78
     6.050,   246,    80,        96.68,        30.59
     6.105,   246,    80,        96.68,        30.59
     6.160,   244,    79,        98.92,        28.44
     6.215,   243,    78,       100.33,        27.29
     6.270,   240,    77,       103.50,        24.19
     6.325,   239,    76,       104.91,        23.09
     6.380,   237,    75,       107.15,        21.02
     6.435,   234,    74,       110.31,        18.00
     6.490,   233,    73,       111.72,        17.03
     6.545,   229,    72,       115.85,        13.15
     6.600,   232,    73,       119.01,        16.03
     6.655,   232,    72,       120.01,        16.12
     6.710,   230,    71,       122.25,        14.32
     6.765,   232,    71,       124.25,        16.28
     6.820,   232,    70,       125.25,        16.49
     6.875,   231,    70,       126.25,        15.52
     6.930,   230,    69,       127.66,        14.87
     6.985,   229,    68,       129.07,        14.32
     7.040,   230,    69,       130.49,        14.87
     7.095,   229,    68,       131.90,        14.32
     7.150,   230,    68,       132.90,        15.23
     7.205,   230,    68,       132.90,        15.23
     7.260,   230,    67,       133.90,        15.65
     7.315,   230,    67,       133.90,        15.65
     7.370,   228,    66,       136.14,        14.42
     7.425,   229,    66,       137.14,        15.26
     7.480,   228,    65,       138.55,        15.00
     7.535,   229,    66,       139.97,        15.26
     7.590,   228,    65,       141.38,        15.00
     7.645,   229,    66,       142.79,        15.26
     7.700,   229,    66,       142.79,        15.26
