     5.115,    58,   137,         0.00,       170.10
     5.170,    61,   136,         3.16,       166.94
     5.225,    62,   136,         4.16,       166.01
     5.280,    63,   135,         5.58,       164.71
     5.335,    66,   136,         8.74,       162.31
     5.390,    66,   137,         9.74,       162.69
     5.445,    66,   137,         9.74,       162.69
     5.500,    68,   138,        11.97,       161.25
     5.555,    69,   139,        13.39,       160.73
     5.610,    69,   138,        14.39,       160.33
     5.665,    56,   126,        32.08,       168.24
     5.720,    57,   123,        35.24,       166.38
     5.775,    58,   122,        36.66,       165.13
     5.830,    57,   112,        46.71,       163.48
     5.885,    58,   110,        48.94,       162.05
     5.940,    60,   111,        51.18,       160.33
     5.995,    61,   111,        52.18,       159.35
     6.050,    60,   110,        53.59,       160.10
     6.105,    61,   111,        55.01,       159.35
     6.160,    61,   112,        56.01,       159.59
     6.215,    60,   113,        57.42,       160.80
     6.270,    60,   114,        58.42,       161.05
     6.325,    59,   116,        60.66,       162.52
     6.380,    57,   118,        63.49,       164.98
     6.435,    57,   136,        81.49,       170.66
     6.490,    69,   139,        93.86,       160.73
     6.545,    71,   139,        95.86,       158.90
     6.600,    74,   140,        99.02,       156.59
     6.655,    74,   140,        99.02,       156.59
     6.710,    73,   139,       100.43,       157.08
     6.765,    75,   140,       102.67,       155.68
     6.820,    75,   140,       102.67,       155.68
     6.875,    76,   140,       103.67,       154.78
     6.930,    76,   141,       104.67,       155.21
     6.985,    76,   141,       104.67,       155.21
     7.040,    76,   141,       104.67,       155.21
     7.095,    79,   143,       108.27,       153.39
     7.150,    79,   143,       108.27,       153.39
     7.205,    80,   144,       109.69,       152.96
     7.260,    83,   146,       113.29,       151.24
     7.315,    83,   146,       113.29,       151.24
     7.370,    84,   147,       114.71,       150.84
     7.425,    87,   149,       118.31,       149.22
     7.480,    88,   150,       119.73,       148.86
     7.535,    89,   151,       121.14,       148.52
     7.590,    91,   152,       123.38,       147.34
     7.645,    94,   153,       126.54,       145.34
     7.700,    92,   153,       128.54,       147.03
     7.755,    95,   154,       131.70,       145.06
     7.810,    97,   155,       133.94,       143.95
     7.865,    98,   156,       135.35,       143.69
     7.920,    99,   156,       136.35,       142.87
     7.975,    99,   155,       137.35,       142.30
     8.030,   101,   156,       139.59,       141.24
     8.085,   103,   157,       141.82,       140.21
     8.140,   104,   158,       143.24,       140.00
     8.195,   104,   159,       144.24,       140.60
     8.250,   105,   159,       145.24,       139.81
     8.305,   105,   160,       146.24,       140.42
     8.360,   106,   161,       147.65,       140.25
     8.415,   107,   161,       148.65,       139.46
     8.470,   107,   162,       149.65,       140.09
     8.525,   107,   163,       150.65,       140.72
     8.580,   107,   163,       150.65,       140.72
     8.635,   108,   165,       152.89,       141.23
     8.690,   101,   164,       159.96,       146.03
     8.745,   101,   163,       160.96,       145.42
     8.800,   102,   163,       161.96,       144.63
     8.855,   102,   162,       162.96,       144.01
     8.910,   103,   162,       163.96,       143.22
     8.965,   103,   161,       164.96,       142.61
     9.020,   103,   160,       165.96,       142.00
     9.075,   104,   159,       167.37,       140.60
     9.130,   104,   159,       167.37,       140.60
     9.185,   105,   157,       169.61,       138.60
     9.240,   105,   155,       171.61,       137.41
     9.295,   106,   155,       172.61,       136.61
     9.350,   107,   153,       174.85,       134.62
     9.405,   108,   152,       176.26,       133.22
     9.460,   109,   151,       177.68,       131.83
     9.515,   109,   150,       178.68,       131.24
     9.570,   112,   150,       181.68,       128.81
     9.625,   112,   149,       182.68,       128.22
     9.680,   114,   148,       184.91,       126.02
     9.735,   115,   148,       185.91,       125.21
     9.790,   118,   148,       188.91,       122.80
     9.845,   119,   147,       190.33,       121.40
     9.900,   121,   147,       192.33,       119.81
     9.955,   122,   146,       193.74,       118.41
    10.010,   125,   146,       196.74,       116.04
    10.065,   126,   146,       197.74,       115.26
    10.120,   130,   146,       201.74,       112.16
    10.175,   131,   145,       203.15,       110.75
    10.230,   133,   145,       205.15,       109.22
    10.285,   135,   144,       207.39,       107.06
    10.340,   140,   144,       212.39,       103.32
    10.395,   142,   144,       214.39,       101.86
    10.450,   144,   143,       216.63,        99.72
    10.505,   144,   142,       217.63,        99.04
    10.560,   148,   142,       221.63,        96.17
    10.615,   151,   141,       224.79,        93.35
    10.670,   154,   141,       227.79,        91.29
    10.725,   155,   140,       229.20,        89.87
    10.780,   157,   139,       231.44,        87.78
    10.835,   156,   139,       232.44,        88.46
    10.890,   161,   139,       237.44,        85.15
    10.945,   164,   139,       240.44,        83.24
    11.000,   165,   139,       241.44,        82.62
    11.055,   164,   138,       242.85,        82.46
    11.110,   168,   139,       246.98,        80.80
    11.165,   167,   139,       247.98,        81.40
    11.220,   170,   139,       250.98,        79.63
    11.275,   171,   140,       252.39,        79.88
    11.330,   173,   141,       254.63,        79.61
    11.385,   176,   142,       257.79,        78.89
    11.440,   177,   144,       260.02,        80.13
    11.495,   179,   145,       262.26,        80.06
    11.550,   181,   146,       264.50,        80.06
    11.605,   182,   148,       266.73,        81.44
    11.660,   184,   150,       269.56,        82.46
    11.715,   185,   150,       270.56,        82.08
    11.770,   187,   152,       273.39,        83.22
    11.825,   188,   154,       275.63,        84.76
    11.880,   191,   155,       278.79,        84.77
    11.935,   191,   156,       279.79,        85.73
    11.990,   194,   158,       283.39,        86.83
    12.045,   195,   159,       284.81,        87.56
    12.100,   197,   161,       287.64,        89.05
    12.155,   198,   162,       289.05,        89.82
    12.210,   201,   164,       292.66,        91.24
    12.265,   203,   166,       295.48,        92.91
    12.320,   205,   167,       297.72,        93.65
    12.375,   205,   169,       299.72,        95.63
    12.430,   208,   171,       303.33,        97.33
    12.485,   211,   172,       306.49,        98.13
    12.540,   212,   174,       308.72,       100.08
    12.595,   213,   175,       310.14,       101.04
    12.650,   216,   176,       313.30,       102.00
    12.705,   217,   178,       315.54,       104.00
    12.760,   220,   180,       319.14,       106.08
    12.815,   220,   180,       319.14,       106.08
    12.870,   223,   182,       322.75,       108.23
    12.925,   224,   183,       324.16,       109.29
    12.980,   227,   185,       327.77,       111.54
    13.035,   227,   186,       328.77,       112.54
    13.090,   228,   187,       330.18,       113.64
    13.145,   232,   190,       335.18,       117.10
    13.200,   233,   191,       336.60,       118.23
    13.255,   235,   192,       338.83,       119.52
    13.310,   235,   194,       340.83,       121.49
    13.365,   237,   196,       343.66,       123.79
    13.420,   238,   197,       345.07,       124.95
    13.475,   239,   199,       347.31,       127.10
    13.530,   246,   200,       354.38,       129.52
    13.585,   247,   199,       355.80,       128.79
    13.640,   249,   198,       358.03,       128.32
    13.695,   250,   197,       359.45,       127.61
    13.750,   251,   196,       360.86,       126.92
    13.805,   252,   195,       362.27,       126.24
    13.860,   252,   193,       364.27,       124.33
    13.915,   253,   192,       365.69,       123.66
    13.970,   254,   191,       367.10,       123.02
    14.025,   254,   189,       369.10,       121.12
    14.080,   255,   187,       371.34,       119.54
    14.135,   256,   186,       372.75,       118.93
    14.190,   256,   184,       374.75,       117.05
    14.245,   257,   182,       376.99,       115.52
    14.300,   258,   181,       378.40,       114.95
    14.355,   259,   179,       380.64,       113.46
    14.410,   259,   177,       382.64,       111.62
    14.465,   261,   175,       385.47,       110.57
    14.520,   261,   173,       387.47,       108.75
    14.575,   262,   171,       389.70,       107.35
    14.630,   263,   169,       391.94,       105.99
    14.685,   263,   166,       394.94,       103.31
    14.740,   264,   165,       396.35,       102.88
    14.795,   264,   163,       398.35,       101.12
    14.850,   264,   160,       401.35,        98.49
    14.905,   264,   159,       402.35,        97.62
    14.960,   264,   156,       405.35,        95.02
    15.015,   264,   154,       407.35,        93.30
    15.070,   264,   152,       409.35,        91.59
    15.125,   264,   150,       411.35,        89.89
    15.180,   263,   147,       414.52,        86.82
    15.235,   264,   146,       415.93,        86.53
    15.290,   264,   143,       418.93,        84.05
    15.345,   264,   142,       419.93,        83.23
    15.400,   264,   139,       422.93,        80.80
    15.455,   264,   137,       424.93,        79.20
    15.510,   263,   135,       427.17,        77.01
    15.565,   264,   133,       429.40,        76.06
    15.620,   264,   130,       432.40,        73.76
    15.675,   264,   130,       432.40,        73.76
    15.730,   264,   126,       436.40,        70.77
    15.785,   264,   124,       438.40,        69.31
    15.840,   265,   123,       439.82,        69.30
    15.895,   265,   121,       441.82,        67.90
    15.950,   264,   117,       445.94,        64.44
    16.005,   264,   116,       446.94,        63.78
    16.060,   265,   115,       448.35,        63.89
    16.115,   264,   112,       451.52,        61.22
    16.170,   263,   110,       453.75,        59.20
    16.225,   264,   109,       455.17,        59.41
    16.280,   263,   107,       457.40,        57.43
    16.335,   262,   105,       459.64,        55.47
    16.390,   262,   103,       461.64,        54.38
    16.445,   261,   102,       463.05,        53.00
    16.500,   260,   100,       465.29,        51.11
    16.555,   259,    99,       466.70,        49.74
    16.610,   258,    98,       468.12,        48.37
    16.665,   256,    96,       470.95,        45.65
    16.720,   256,    95,       471.95,        45.18
    16.775,   254,    94,       474.18,        42.94
    16.830,   252,    92,       477.01,        40.25
    16.885,   253,    91,       478.43,        40.72
    16.940,   250,    90,       481.59,        37.58
    16.995,   251,    89,       483.00,        38.08
    17.050,   249,    87,       485.83,        35.47
    17.105,   248,    86,       487.24,        34.18
    17.160,   247,    84,       489.48,        32.57
    17.215,   247,    84,       489.48,        32.57
    17.270,   247,    82,       491.48,        32.02
    17.325,   246,    80,       493.72,        30.59
    17.380,   245,    79,       495.13,        29.43
    17.435,   244,    77,       497.37,        28.16
    17.490,   245,    76,       498.78,        29.07
    17.545,   244,    75,       500.20,        28.02
    17.600,   243,    73,       502.43,        27.02
    17.655,   243,    71,       504.43,        27.17
    17.710,   242,    70,       505.85,        26.31
    17.765,   241,    68,       508.08,        25.71
    17.820,   242,    68,       509.08,        26.68
