     1.485,   184,   237,         0.00,       166.11
     1.540,   182,   234,         3.61,       163.57
     1.595,   179,   230,         8.61,       160.33
     1.650,   178,   228,        10.84,       158.62
     1.705,   175,   227,        14.00,       158.40
     1.760,   174,   226,        15.42,       157.70
     1.815,   172,   226,        17.42,       158.24
     1.870,   171,   226,        18.42,       158.52
     1.925,   172,   227,        19.83,       159.20
     1.980,   170,   228,        22.07,       160.72
     2.035,   191,   225,        43.28,       153.06
     2.090,   194,   223,        46.89,       150.62
     2.145,   191,   221,        50.49,       149.11
     2.200,   191,   219,        52.49,       147.14
     2.255,   193,   218,        54.73,       145.83
     2.310,   194,   218,        55.73,       145.67
     2.365,   194,   217,        56.73,       144.68
     2.420,   195,   217,        57.73,       144.53
     2.475,   192,   217,        60.73,       145.00
     2.530,   196,   217,        64.73,       144.39
     2.585,   195,   217,        65.73,       144.53
     2.640,   196,   218,        67.14,       145.38
     2.695,   196,   218,        67.14,       145.38
     2.750,   200,   220,        71.62,       146.87
     2.805,   198,   221,        73.85,       148.10
     2.860,   175,   223,        96.94,       154.54
     2.915,   174,   223,        97.94,       154.81
     2.970,   175,   222,        99.35,       153.57
     3.025,   175,   221,       100.35,       152.61
     3.080,   176,   221,       101.35,       152.35
     3.135,   176,   221,       101.35,       152.35
     3.190,   177,   220,       102.77,       151.12
     3.245,   177,   219,       103.77,       150.15
     3.300,   178,   218,       105.18,       148.93
     3.355,   179,   218,       106.18,       148.68
     3.410,   180,   217,       107.59,       147.46
     3.465,   180,   215,       109.59,       145.52
     3.520,   181,   214,       111.01,       144.31
     3.575,   181,   213,       112.01,       143.34
     3.630,   181,   210,       115.01,       140.43
     3.685,   183,   210,       117.01,       139.95
     3.740,   183,   207,       120.01,       137.03
     3.795,   184,   205,       122.25,       134.85
     3.850,   185,   204,       123.66,       133.65
     3.905,   186,   201,       126.82,       130.50
     3.960,   187,   199,       129.06,       128.32
     4.015,   188,   198,       130.47,       127.12
     4.070,   189,   195,       133.63,       123.98
     4.125,   190,   193,       135.87,       121.81
     4.180,   191,   191,       138.11,       119.64
     4.235,   192,   189,       140.34,       117.48
     4.290,   193,   186,       143.50,       114.34
     4.345,   194,   185,       144.92,       113.16
     4.400,   195,   182,       148.08,       110.02
     4.455,   196,   179,       151.24,       106.89
     4.510,   198,   178,       153.48,       105.55
     4.565,   199,   176,       155.72,       103.41
     4.620,   200,   174,       157.95,       101.27
     4.675,   202,   172,       160.78,        98.99
     4.730,   204,   169,       164.39,        95.75
     4.785,   205,   168,       165.80,        94.64
     4.840,   206,   165,       168.96,        91.55
     4.895,   208,   163,       171.79,        89.36
     4.950,   209,   161,       174.03,        87.28
     5.005,   210,   159,       176.26,        85.21
     5.060,   212,   156,       179.87,        82.10
     5.115,   213,   154,       182.10,        80.06
     5.170,   213,   151,       185.10,        77.06
     5.225,   215,   148,       188.71,        74.01
     5.280,   215,   146,       190.71,        72.01
     5.335,   216,   144,       192.95,        70.00
     5.390,   216,   140,       196.95,        66.00
     5.445,   216,   139,       197.95,        65.00
     5.500,   217,   136,       201.11,        62.01
     5.555,   217,   133,       204.11,        59.01
     5.610,   217,   131,       206.11,        57.01
     5.665,   217,   128,       209.11,        54.01
     5.720,   216,   126,       211.34,        52.00
     5.775,   216,   123,       214.34,        49.00
     5.830,   216,   121,       216.34,        47.00
     5.885,   215,   119,       218.58,        45.01
     5.940,   214,   116,       221.74,        42.05
     5.995,   214,   114,       223.74,        40.05
     6.050,   213,   112,       225.98,        38.12
     6.105,   212,   109,       229.14,        35.23
     6.160,   211,   106,       232.30,        32.39
     6.215,   211,   105,       233.30,        31.40
     6.270,   209,   102,       236.91,        28.86
     6.325,   209,   100,       238.91,        26.93
     6.380,   208,    98,       241.14,        25.30
     6.435,   208,    96,       243.14,        23.41
     6.490,   207,    93,       246.31,        21.02
     6.545,   206,    91,       248.54,        19.72
     6.600,   205,    88,       251.71,        17.80
     6.655,   205,    87,       252.71,        17.03
     6.710,   204,    84,       255.87,        15.62
     6.765,   203,    81,       259.03,        14.76
     6.820,   203,    80,       260.03,        14.32
     6.875,   202,    77,       263.19,        14.32
     6.930,   202,    75,       265.19,        14.04
     6.985,   201,    73,       267.43,        15.03
     7.040,   200,    71,       269.66,        16.28
     7.095,   200,    68,       272.66,        17.09
     7.150,   199,    67,       274.08,        18.38
     7.205,   199,    65,       276.08,        19.24
     7.260,   197,    62,       279.68,        22.47
     7.315,   197,    61,       280.68,        23.02
     7.370,   196,    58,       283.85,        25.61
     7.425,   195,    56,       286.08,        27.66
     7.480,   194,    55,       287.50,        29.07
     7.535,   193,    53,       289.73,        31.14
     7.590,   191,    52,       291.97,        33.30
     7.645,   191,    51,       292.97,        33.97
     7.700,   189,    49,       295.80,        36.80
     7.755,   189,    49,       295.80,        36.80
     7.810,   187,    48,       298.03,        38.95
     7.865,   183,    46,       302.51,        43.28
     7.920,   182,    46,       303.51,        44.05
     7.975,   183,    46,       304.51,        43.28
     8.030,   181,    45,       306.74,        45.45
     8.085,   179,    45,       308.74,        47.01
     8.140,   176,    44,       311.90,        50.00
     8.195,   178,    44,       313.90,        48.41
     8.250,   172,    44,       319.90,        53.25
     8.305,   174,    44,       321.90,        51.61
     8.360,   172,    44,       323.90,        53.25
     8.415,   167,    44,       328.90,        57.45
     8.470,   163,    43,       333.03,        61.40
     8.525,   166,    44,       336.19,        58.31
     8.580,   162,    44,       340.19,        61.77
     8.635,   155,    43,       347.26,        68.43
     8.690,   159,    44,       351.38,        64.41
     8.745,   155,    44,       355.38,        67.98
     8.800,   154,    44,       356.38,        68.88
     8.855,   151,    44,       359.38,        71.59
     8.910,   148,    44,       362.38,        74.32
     8.965,   146,    44,       364.38,        76.16
     9.020,   143,    44,       367.38,        78.92
     9.075,   143,    44,       367.38,        78.92
     9.130,   140,    44,       370.38,        81.71
     9.185,   136,    44,       374.38,        85.44
     9.240,   136,    44,       374.38,        85.44
     9.295,   132,    44,       378.38,        89.20
     9.350,   131,    45,       379.80,        89.81
     9.405,   128,    45,       382.80,        92.66
     9.460,   126,    45,       384.80,        94.56
     9.515,   124,    46,       387.03,        96.17
     9.570,   122,    46,       389.03,        98.08
     9.625,   120,    48,       391.86,        99.46
     9.680,   118,    49,       394.10,       101.14
     9.735,   116,    49,       396.10,       103.08
     9.790,   115,    51,       398.33,       103.59
     9.845,   113,    53,       401.16,       105.12
     9.900,   112,    54,       402.58,       105.91
     9.955,   111,    56,       404.81,       106.53
    10.010,   110,    57,       406.23,       107.35
    10.065,   109,    59,       408.46,       108.05
    10.120,   108,    61,       410.70,       108.78
    10.175,   107,    62,       412.11,       109.66
    10.230,   107,    65,       415.11,       109.37
    10.285,   106,    67,       417.35,       110.22
    10.340,   105,    68,       418.76,       111.16
    10.395,   105,    71,       421.76,       111.04
    10.450,   105,    73,       423.76,       111.00
    10.505,   104,    74,       425.18,       112.00
    10.560,   104,    77,       428.18,       112.04
    10.615,   103,    79,       430.41,       113.11
    10.670,   103,    81,       432.41,       113.22
    10.725,   102,    83,       434.65,       114.35
    10.780,   102,    86,       437.65,       114.63
    10.835,   101,    88,       439.89,       115.85
    10.890,   100,    90,       442.12,       117.10
    10.945,   101,    92,       444.36,       116.40
    11.000,   100,    94,       446.59,       117.71
    11.055,    99,    97,       449.76,       119.24
    11.110,    98,    98,       451.17,       120.42
    11.165,    99,   101,       454.33,       120.07
    11.220,    97,   103,       457.16,       122.48
    11.275,    97,   105,       459.16,       122.97
    11.330,    97,   108,       462.16,       123.76
    11.385,    96,   110,       464.40,       125.28
    11.440,    95,   111,       465.81,       126.53
    11.495,    95,   114,       468.81,       127.44
    11.550,    95,   116,       470.81,       128.08
    11.605,    95,   118,       472.81,       128.75
    11.660,    95,   120,       474.81,       129.45
    11.715,    95,   123,       477.81,       130.55
    11.770,    96,   124,       479.23,       130.00
    11.825,    96,   126,       481.23,       130.78
    11.880,    97,   128,       483.46,       130.68
    11.935,    98,   130,       485.70,       130.61
    11.990,    99,   132,       487.93,       130.59
    12.045,   100,   133,       489.35,       130.14
    12.100,   100,   135,       491.35,       131.06
    12.155,   102,   138,       494.95,       130.74
    12.210,   103,   139,       496.37,       130.36
    12.265,   104,   141,       498.60,       130.51
    12.320,   104,   143,       500.60,       131.55
    12.375,   105,   144,       502.02,       131.23
    12.430,   107,   147,       505.62,       131.19
    12.485,   107,   149,       507.62,       132.31
    12.540,   109,   151,       510.45,       131.83
    12.595,   110,   153,       512.69,       132.20
    12.650,   110,   155,       514.69,       133.41
    12.705,   111,   156,       516.10,       133.23
    12.760,   113,   158,       518.93,       132.91
    12.815,   113,   160,       520.93,       134.18
    12.870,   116,   162,       524.54,       133.21
    12.925,   117,   164,       526.77,       133.79
    12.980,   118,   165,       528.19,       133.73
    13.035,   119,   167,       530.42,       134.38
    13.090,   121,   169,       533.25,       134.35
    13.145,   122,   170,       534.67,       134.36
    13.200,   123,   172,       536.90,       135.10
    13.255,   125,   175,       540.51,       135.95
    13.310,   127,   176,       542.74,       135.37
    13.365,   128,   177,       544.16,       135.47
    13.420,   128,   179,       546.16,       137.00
    13.475,   131,   181,       549.76,       136.65
    13.530,   132,   183,       552.00,       137.61
    13.585,   133,   184,       553.41,       137.80
    13.640,   133,   185,       554.41,       138.60
    13.695,   136,   188,       558.66,       139.27
    13.750,   139,   190,       562.26,       139.23
    13.805,   141,   191,       564.50,       138.97
    13.860,   141,   192,       565.50,       139.82
    13.915,   144,   193,       568.66,       139.09
    13.970,   144,   194,       569.66,       139.94
    14.025,   146,   196,       572.49,       140.66
    14.080,   149,   197,       575.65,       140.06
    14.135,   151,   199,       578.48,       140.89
    14.190,   156,   201,       583.86,       140.46
    14.245,   159,   201,       586.86,       139.20
    14.300,   164,   202,       591.96,       138.16
    14.355,   166,   202,       593.96,       137.42
    14.410,   166,   201,       594.96,       136.49
    14.465,   167,   201,       595.96,       136.12
    14.520,   171,   200,       600.09,       133.79
    14.575,   172,   199,       601.50,       132.52
    14.630,   174,   198,       603.74,       130.92
    14.685,   176,   197,       605.97,       129.34
    14.740,   177,   195,       608.21,       127.13
    14.795,   178,   195,       609.21,       126.83
    14.850,   177,   193,       611.44,       125.23
    14.905,   181,   191,       615.92,       122.12
    14.960,   183,   191,       617.92,       121.56
    15.015,   184,   189,       620.15,       119.37
    15.070,   186,   187,       622.98,       116.91
    15.125,   187,   187,       623.98,       116.66
    15.180,   189,   185,       626.81,       114.24
    15.235,   191,   183,       629.64,       111.83
    15.290,   192,   183,       630.64,       111.61
    15.345,   194,   181,       633.47,       109.24
    15.400,   195,   180,       634.88,       108.06
    15.455,   197,   178,       637.71,       105.72
    15.510,   199,   177,       639.95,       104.39
    15.565,   200,   176,       641.36,       103.25
    15.620,   203,   175,       644.52,       101.83
    15.675,   202,   173,       646.76,        99.98
    15.730,   206,   173,       650.76,        99.50
    15.785,   208,   171,       653.59,        97.33
    15.840,   209,   169,       655.82,        95.26
    15.895,   211,   168,       658.06,        94.13
    15.950,   213,   167,       660.29,        93.05
    16.005,   214,   165,       662.53,        91.02
    16.060,   216,   164,       664.77,        90.00
    16.115,   217,   162,       667.00,        88.01
    16.170,   218,   160,       669.24,        86.02
    16.225,   220,   159,       671.48,        85.09
    16.280,   221,   157,       673.71,        83.15
    16.335,   222,   156,       675.13,        82.22
    16.390,   223,   154,       677.36,        80.31
    16.445,   225,   152,       680.19,        78.52
    16.500,   226,   151,       681.60,        77.65
    16.555,   227,   149,       683.84,        75.80
    16.610,   228,   147,       686.08,        73.98
    16.665,   229,   145,       688.31,        72.18
    16.720,   230,   143,       690.55,        70.41
    16.775,   231,   141,       692.78,        68.66
    16.830,   232,   140,       694.20,        67.91
    16.885,   233,   137,       697.36,        65.25
    16.940,   234,   135,       699.60,        63.60
    16.995,   235,   134,       701.01,        62.94
    17.050,   235,   131,       704.01,        60.08
    17.105,   235,   129,       706.01,        58.19
    17.160,   235,   128,       707.01,        57.25
    17.215,   235,   125,       710.01,        54.42
    17.270,   235,   124,       711.01,        53.49
    17.325,   234,   122,       713.25,        51.26
    17.380,   233,   120,       715.48,        49.04
    17.435,   233,   119,       716.48,        48.10
    17.490,   231,   117,       719.31,        45.54
    17.545,   231,   115,       721.31,        43.66
    17.600,   230,   114,       722.73,        42.38
    17.655,   229,   113,       724.14,        41.11
    17.710,   228,   111,       726.38,        38.90
    17.765,   228,   110,       727.38,        37.95
    17.820,   226,   108,       730.20,        35.44
    17.875,   224,   106,       733.03,        32.98
    17.930,   224,   106,       733.03,        32.98
    17.985,   223,   104,       735.27,        30.81
    18.040,   222,   103,       736.68,        29.61
    18.095,   219,   102,       739.85,        28.16
    18.150,   219,   101,       740.85,        27.17
    18.205,   218,   100,       742.26,        26.08
    18.260,   218,   100,       742.26,        26.08
    18.315,   217,    99,       743.67,        25.02
    18.370,   216,    99,       744.67,        25.00
    18.425,   213,    98,       747.84,        24.19
    18.480,   211,    97,       750.07,        23.54
    18.535,   209,    97,       752.07,        24.04
    18.590,   209,    97,       752.07,        24.04
    18.645,   205,    96,       756.20,        24.60
    18.700,   209,    97,       760.32,        24.04
    18.755,   204,    96,       765.42,        25.06
    18.810,   204,    96,       765.42,        25.06
    18.865,   202,    96,       767.42,        26.08
    18.920,   197,    95,       772.52,        28.32
    18.975,   196,    95,       773.52,        29.00
    19.030,   194,    95,       775.52,        30.41
    19.085,   191,    94,       778.68,        32.02
    19.140,   190,    94,       779.68,        32.80
    19.195,   187,    94,       782.68,        35.23
    19.250,   185,    93,       784.92,        36.36
    19.305,   182,    93,       787.92,        38.95
    19.360,   177,    92,       793.01,        42.95
    19.415,   177,    91,       794.01,        42.54
    19.470,   178,    92,       795.43,        42.05
    19.525,   174,    91,       799.55,        45.31
    19.580,   172,    90,       801.79,        46.82
    19.635,   170,    90,       803.79,        48.70
    19.690,   168,    89,       806.02,        50.29
    19.745,   168,    89,       806.02,        50.29
    19.800,   165,    89,       809.02,        53.16
    19.855,   160,    87,       814.41,        57.49
    19.910,   160,    87,       814.41,        57.49
    19.965,   158,    87,       816.41,        59.44
    20.020,   155,    86,       819.57,        62.17
    20.075,   155,    86,       819.57,        62.17
    20.130,   153,    86,       821.57,        64.13
    20.185,   151,    85,       823.81,        65.92
    20.240,   149,    85,       825.81,        67.90
    20.295,   144,    84,       830.91,        72.69
    20.350,   146,    84,       832.91,        70.71
    20.405,   144,    84,       834.91,        72.69
    20.460,   139,    83,       840.01,        77.52
    20.515,   142,    83,       843.01,        74.55
    20.570,   139,    83,       846.01,        77.52
    20.625,   138,    83,       847.01,        78.52
    20.680,   135,    82,       850.17,        81.39
    20.735,   129,    82,       856.17,        87.37
    20.790,   132,    82,       859.17,        84.38
    20.845,   130,    82,       861.17,        86.37
    20.900,   128,    82,       863.17,        88.36
    20.955,   127,    82,       864.17,        89.36
    21.010,   125,    82,       866.17,        91.35
    21.065,   122,    82,       869.17,        94.34
    21.120,   121,    82,       870.17,        95.34
    21.175,   120,    83,       871.58,        96.42
    21.230,   117,    83,       874.58,        99.41
    21.285,   116,    83,       875.58,       100.40
    21.340,   114,    84,       877.82,       102.49
    21.395,   112,    84,       879.82,       104.48
    21.450,   110,    83,       882.05,       106.38
    21.505,   108,    84,       884.29,       108.46
    21.560,   107,    86,       886.53,       109.66
    21.615,   105,    86,       888.53,       111.65
    21.670,   103,    87,       890.76,       113.75
    21.725,   102,    88,       892.18,       114.86
    21.780,   101,    90,       894.41,       116.11
    21.835,   100,    92,       896.65,       117.39
    21.890,    99,    93,       898.06,       118.53
    21.945,    98,    94,       899.48,       119.68
    22.000,    98,    97,       902.48,       120.22
    22.055,    98,    98,       903.48,       120.42
    22.110,    97,   100,       905.71,       121.81
    22.165,    97,   102,       907.71,       122.25
    22.220,    97,   103,       908.71,       122.48
    22.275,    97,   106,       911.71,       123.23
    22.330,    97,   108,       913.71,       123.76
    22.385,    97,   109,       914.71,       124.04
    22.440,    96,   111,       916.95,       125.57
    22.495,    97,   114,       920.11,       125.54
    22.550,    96,   115,       921.53,       126.81
    22.605,    97,   118,       924.69,       126.87
    22.660,    97,   119,       925.69,       127.22
    22.715,    96,   121,       927.92,       128.88
    22.770,    97,   124,       931.09,       129.08
    22.825,    97,   125,       932.09,       129.47
    22.880,    97,   128,       935.09,       130.68
    22.935,    97,   130,       937.09,       131.52
    22.990,    96,   131,       938.50,       132.85
    23.045,    98,   134,       942.11,       132.38
    23.100,    98,   136,       944.11,       133.30
    23.155,    99,   137,       945.52,       132.88
    23.210,    99,   139,       947.52,       133.84
    23.265,   101,   142,       951.13,       133.60
    23.320,   102,   143,       952.54,       133.26
    23.375,   103,   145,       954.78,       133.45
    23.430,   104,   147,       957.01,       133.69
    23.485,   105,   148,       958.43,       133.41
    23.540,   106,   150,       960.66,       133.70
    23.595,   107,   151,       962.08,       133.45
    23.650,   109,   153,       964.90,       133.00
    23.705,   109,   155,       966.90,       134.20
    23.760,   111,   156,       969.14,       133.23
    23.815,   111,   157,       970.14,       133.84
    23.870,   112,   159,       972.38,       134.32
    23.925,   115,   161,       975.98,       133.30
    23.980,   116,   163,       978.22,       133.87
    24.035,   118,   165,       981.05,       133.73
    24.090,   119,   166,       982.46,       133.69
    24.145,   120,   168,       984.70,       134.36
    24.200,   122,   170,       987.53,       134.36
    24.255,   122,   170,       987.53,       134.36
    24.310,   124,   172,       990.35,       134.42
    24.365,   126,   174,       993.18,       134.54
    24.420,   128,   175,       995.42,       133.96
    24.475,   129,   176,       996.83,       134.06
    24.530,   132,   178,      1000.44,       133.69
    24.585,   133,   179,      1001.85,       133.84
    24.640,   135,   181,      1004.68,       134.20
    24.695,   136,   181,      1005.68,       133.60
    24.750,   137,   182,      1007.10,       133.81
    24.805,   139,   184,      1009.92,       134.27
    24.860,   142,   185,      1013.09,       133.41
    24.915,   145,   186,      1016.25,       132.61
    24.970,   146,   187,      1017.66,       132.92
    25.025,   153,   188,      1024.73,       130.25
    25.080,   157,   189,      1028.86,       129.25
    25.135,   159,   189,      1030.86,       128.35
    25.190,   161,   188,      1033.09,       126.57
    25.245,   162,   187,      1034.51,       125.24
    25.300,   164,   186,      1036.74,       123.48
    25.355,   165,   185,      1038.16,       122.16
    25.410,   166,   184,      1039.57,       120.83
    25.465,   168,   183,      1041.81,       119.10
    25.520,   169,   181,      1044.04,       116.87
    25.575,   169,   180,      1045.04,       115.95
    25.630,   171,   179,      1047.28,       114.24
    25.685,   172,   177,      1049.52,       112.00
    25.740,   173,   176,      1050.93,       110.69
    25.795,   174,   174,      1053.17,       108.46
    25.850,   175,   172,      1055.40,       106.23
    25.905,   176,   171,      1056.82,       104.92
    25.960,   177,   169,      1059.05,       102.69
    26.015,   177,   168,      1060.05,       101.77
    26.070,   179,   166,      1062.88,        99.16
    26.125,   180,   164,      1065.12,        96.93
    26.180,   181,   163,      1066.53,        95.63
    26.235,   182,   161,      1068.77,        93.41
    26.290,   182,   159,      1070.77,        91.55
    26.345,   183,   158,      1072.18,        90.25
    26.400,   184,   155,      1075.34,        87.09
    26.455,   185,   153,      1077.58,        84.86
    26.510,   186,   152,      1078.99,        83.57
    26.565,   187,   150,      1081.23,        81.34
    26.620,   188,   148,      1083.47,        79.12
    26.675,   188,   146,      1085.47,        77.25
    26.730,   189,   144,      1087.70,        75.03
    26.785,   190,   142,      1089.94,        72.80
    26.840,   191,   141,      1091.35,        71.51
    26.895,   192,   139,      1093.59,        69.29
    26.950,   192,   136,      1096.59,        66.48
    27.005,   193,   135,      1098.00,        65.19
    27.060,   194,   133,      1100.24,        62.97
    27.115,   195,   132,      1101.65,        61.68
    27.170,   195,   129,      1104.65,        58.87
    27.225,   196,   127,      1106.89,        56.65
    27.280,   197,   126,      1108.30,        55.36
    27.335,   198,   124,      1110.54,        53.14
    27.390,   199,   122,      1112.78,        50.92
    27.445,   199,   120,      1114.78,        49.04
    27.500,   199,   118,      1116.78,        47.17
    27.555,   200,   116,      1119.01,        44.94
    27.610,   201,   115,      1120.43,        43.66
    27.665,   201,   112,      1123.43,        40.85
    27.720,   202,   110,      1125.66,        38.63
    27.775,   203,   110,      1126.66,        38.28
    27.830,   203,   107,      1129.66,        35.47
    27.885,   203,   105,      1131.66,        33.62
    27.940,   204,   104,      1133.08,        32.31
    27.995,   205,   102,      1135.31,        30.08
    28.050,   205,   101,      1136.31,        29.15
    28.105,   206,    99,      1138.55,        26.93
    28.160,   206,    96,      1141.55,        24.17
    28.215,   206,    95,      1142.55,        23.26
    28.270,   208,    93,      1145.38,        20.62
    28.325,   208,    91,      1147.38,        18.79
    28.380,   209,    90,      1148.79,        17.46
    28.435,   209,    88,      1150.79,        15.65
    28.490,   210,    85,      1153.95,        12.53
    28.545,   210,    84,      1154.95,        11.66
    28.600,   211,    82,      1157.19,         9.43
    28.655,   212,    80,      1159.43,         7.21
    28.710,   212,    79,      1160.43,         6.40
    28.765,   213,    77,      1162.66,         4.24
    28.820,   213,    75,      1164.66,         3.16
    28.875,   212,    73,      1166.90,         4.12
    28.930,   212,    71,      1168.90,         5.00
    28.985,   212,    70,      1169.90,         5.66
    29.040,   211,    68,      1172.13,         7.81
    29.095,   211,    66,      1174.13,         9.43
    29.150,   211,    66,      1174.13,         9.43
    29.205,   210,    64,      1176.37,        11.66
    29.260,   208,    62,      1179.20,        14.42
    29.315,   209,    62,      1180.20,        13.89
    29.370,   205,    60,      1184.67,        17.80
    29.425,   206,    59,      1186.08,        18.03
    29.480,   203,    58,      1189.25,        20.62
    29.535,   204,    57,      1190.66,        20.81
    29.590,   202,    56,      1192.90,        22.80
    29.645,   202,    56,      1192.90,        22.80
    29.700,   201,    55,      1194.31,        24.21
    29.755,   202,    55,      1195.31,        23.60
    29.810,   201,    55,      1196.31,        24.21
    29.865,   200,    54,      1197.73,        25.61
    29.920,   198,    54,      1199.73,        26.91
    29.975,   199,    54,      1200.73,        26.25
    30.030,   197,    54,      1202.73,        27.59
    30.085,   195,    54,      1204.73,        29.00
    30.140,   193,    54,      1206.73,        30.48
    30.195,   193,    54,      1206.73,        30.48
    30.250,   191,    55,      1208.96,        31.40
    30.305,   189,    55,      1210.96,        33.02
    30.360,   186,    54,      1214.12,        36.06
    30.415,   185,    55,      1215.54,        36.36
    30.470,   183,    55,      1217.54,        38.08
    30.525,   180,    55,      1220.54,        40.71
    30.580,   179,    56,      1221.95,        41.15
    30.635,   178,    57,      1223.37,        41.63
    30.690,   175,    57,      1226.37,        44.38
    30.745,   173,    58,      1228.60,        45.88
    30.800,   172,    58,      1229.60,        46.82
    30.855,   170,    60,      1232.43,        48.08
    30.910,   168,    61,      1234.67,        49.73
    30.965,   166,    61,      1236.67,        51.66
    31.020,   164,    62,      1238.90,        53.37
    31.075,   163,    63,      1240.32,        54.13
    31.130,   160,    63,      1243.32,        57.07
    31.185,   159,    64,      1244.73,        57.87
    31.240,   157,    65,      1246.97,        59.68
    31.295,   155,    66,      1249.20,        61.52
    31.350,   153,    67,      1251.44,        63.39
    31.405,   150,    66,      1254.60,        66.48
    31.460,   147,    67,      1257.76,        69.35
    31.515,   147,    69,      1259.76,        69.18
    31.570,   145,    69,      1261.76,        71.18
    31.625,   142,    70,      1264.93,        74.11
    31.680,   141,    71,      1266.34,        75.06
    31.735,   139,    71,      1268.34,        77.06
    31.790,   136,    72,      1271.50,        80.02
    31.845,   134,    73,      1273.74,        82.01
    31.900,   133,    73,      1274.74,        83.01
    31.955,   131,    74,      1276.97,        85.00
    32.010,   129,    75,      1279.21,        87.01
    32.065,   125,    74,      1283.33,        91.00
    32.120,   125,    76,      1285.33,        91.02
    32.175,   123,    77,      1287.57,        93.05
    32.230,   121,    77,      1289.57,        95.05
    32.285,   119,    78,      1291.81,        97.08
    32.340,   117,    78,      1293.81,        99.08
    32.395,   116,    80,      1296.04,       100.18
    32.450,   113,    81,      1299.20,       103.24
    32.505,   112,    81,      1300.20,       104.24
    32.560,   110,    83,      1303.03,       106.38
    32.615,   109,    85,      1305.27,       107.56
    32.670,   107,    85,      1307.27,       109.55
    32.725,   105,    87,      1310.10,       111.76
    32.780,   104,    88,      1311.51,       112.87
    32.835,   103,    89,      1312.93,       113.99
    32.890,   102,    91,      1315.16,       115.26
    32.945,   102,    94,      1318.16,       115.74
    33.000,   100,    94,      1320.16,       117.71
    33.055,   100,    97,      1323.16,       118.26
    33.110,    99,    99,      1325.40,       119.64
    33.165,   100,   100,      1326.81,       118.88
    33.220,   100,   102,      1328.81,       119.33
    33.275,    99,   104,      1331.05,       120.78
    33.330,   100,   105,      1332.46,       120.07
    33.385,   101,   107,      1334.70,       119.64
    33.440,   101,   108,      1335.70,       119.92
    33.495,   102,   110,      1337.93,       119.55
    33.550,   102,   112,      1339.93,       120.17
    33.605,   103,   113,      1341.35,       119.54
    33.660,   104,   115,      1343.58,       119.27
    33.715,   104,   117,      1345.58,       119.97
    33.770,   105,   118,      1347.00,       119.40
    33.825,   106,   120,      1349.24,       119.23
    33.880,   108,   123,      1352.84,       118.60
    33.935,   109,   124,      1354.25,       118.11
    33.990,   110,   126,      1356.49,       118.07
    34.045,   112,   128,      1359.32,       117.18
    34.100,   112,   129,      1360.32,       117.65
    34.155,   113,   131,      1362.56,       117.72
    34.210,   114,   133,      1364.79,       117.83
    34.265,   116,   134,      1367.03,       116.62
    34.320,   116,   136,      1369.03,       117.66
    34.375,   117,   137,      1370.44,       117.35
    34.430,   119,   139,      1373.27,       116.76
    34.485,   120,   141,      1375.51,       117.07
    34.540,   121,   142,      1376.92,       116.83
    34.595,   122,   144,      1379.16,       117.20
    34.650,   124,   146,      1381.98,       116.82
    34.705,   126,   147,      1384.22,       115.88
    34.760,   127,   149,      1386.46,       116.39
    34.815,   128,   151,      1388.69,       116.93
    34.870,   130,   152,      1390.93,       116.10
    34.925,   131,   154,      1393.17,       116.73
    34.980,   133,   156,      1395.99,       116.67
    35.035,   134,   157,      1397.41,       116.67
    35.090,   135,   158,      1398.82,       116.69
    35.145,   138,   160,      1402.43,       116.10
    35.200,   140,   161,      1404.66,       115.52
    35.255,   142,   163,      1407.49,       115.75
    35.310,   143,   163,      1408.49,       115.11
    35.365,   146,   164,      1411.65,       114.02
    35.420,   145,   165,      1413.07,       115.42
    35.475,   153,   166,      1421.13,       111.50
    35.530,   153,   166,      1421.13,       111.50
    35.585,   157,   167,      1425.25,       110.14
    35.640,   160,   167,      1428.25,       108.56
    35.695,   161,   167,      1429.25,       108.05
    35.750,   164,   168,      1432.42,       107.42
    35.805,   166,   167,      1434.65,       105.59
    35.860,   167,   167,      1435.65,       105.12
    35.915,   170,   167,      1438.65,       103.75
    35.970,   172,   166,      1440.89,       101.98
    36.025,   175,   166,      1443.89,       100.72
    36.080,   175,   165,      1444.89,        99.81
    36.135,   179,   164,      1449.01,        97.31
    36.190,   180,   163,      1450.43,        96.01
    36.245,   182,   162,      1452.66,        94.34
    36.300,   183,   160,      1454.90,        92.11
    36.355,   185,   160,      1456.90,        91.42
    36.410,   186,   158,      1459.13,        89.20
    36.465,   188,   156,      1461.96,        86.65
    36.520,   190,   156,      1463.96,        86.02
    36.575,   191,   154,      1466.20,        83.82
    36.630,   192,   152,      1468.43,        81.61
    36.685,   194,   151,      1470.67,        80.08
    36.740,   195,   150,      1472.08,        78.85
    36.795,   197,   149,      1474.32,        77.37
    36.850,   198,   147,      1476.56,        75.19
    36.905,   200,   145,      1479.39,        72.78
    36.960,   201,   144,      1480.80,        71.59
    37.015,   202,   142,      1483.04,        69.43
    37.070,   204,   141,      1485.27,        68.07
    37.125,   206,   140,      1487.51,        66.75
    37.180,   207,   138,      1489.74,        64.63
    37.235,   209,   136,      1492.57,        62.39
    37.290,   210,   136,      1493.57,        62.29
    37.345,   211,   133,      1496.73,        59.21
    37.400,   214,   132,      1499.90,        58.03
    37.455,   215,   131,      1501.31,        57.01
    37.510,   216,   129,      1503.55,        55.00
    37.565,   218,   127,      1506.38,        53.04
    37.620,   219,   126,      1507.79,        52.09
    37.675,   220,   124,      1510.03,        50.16
    37.730,   221,   123,      1511.44,        49.25
    37.785,   222,   121,      1513.68,        47.38
    37.840,   223,   119,      1515.91,        45.54
    37.895,   224,   118,      1517.33,        44.72
    37.950,   226,   116,      1520.15,        43.17
    38.005,   227,   114,      1522.39,        41.48
    38.060,   228,   113,      1523.81,        40.80
    38.115,   228,   112,      1524.81,        39.85
    38.170,   230,   109,      1528.41,        37.70
    38.225,   231,   108,      1529.82,        37.16
    38.280,   232,   106,      1532.06,        35.78
    38.335,   233,   104,      1534.30,        34.48
    38.390,   234,   103,      1535.71,        34.13
    38.445,   235,   101,      1537.95,        33.02
    38.500,   236,    99,      1540.18,        32.02
    38.555,   237,    98,      1541.60,        31.89
    38.610,   238,    96,      1543.83,        31.11
    38.665,   239,    95,      1545.25,        31.14
    38.720,   240,    93,      1547.48,        30.61
    38.775,   241,    92,      1548.90,        30.81
    38.830,   242,    90,      1551.13,        30.53
    38.885,   244,    89,      1553.37,        31.76
    38.940,   245,    87,      1555.61,        31.78
    38.995,   246,    87,      1556.61,        32.70
    39.050,   248,    85,      1559.43,        33.84
    39.105,   249,    83,      1561.67,        34.21
    39.160,   250,    82,      1563.09,        34.93
    39.215,   251,    81,      1564.50,        35.69
    39.270,   253,    79,      1567.33,        37.34
    39.325,   254,    79,      1568.33,        38.33
    39.380,   256,    77,      1571.16,        40.11
    39.435,   257,    76,      1572.57,        41.05
    39.490,   259,    75,      1574.81,        43.01
    39.545,   260,    73,      1577.04,        44.01
    39.600,   262,    72,      1579.28,        46.04
    39.655,   263,    71,      1580.69,        47.10
    39.710,   264,    70,      1582.11,        48.17
    39.765,   266,    69,      1584.34,        50.25
    39.820,   268,    68,      1586.58,        52.35
    39.875,   269,    66,      1588.82,        53.60
    39.930,   269,    65,      1589.82,        53.76
    39.985,   270,    64,      1591.23,        54.92
    40.040,   271,    62,      1593.47,        56.29
    40.095,   271,    61,      1594.47,        56.52
    40.150,   271,    60,      1595.47,        56.75
    40.205,   270,    58,      1597.70,        56.32
    40.260,   270,    58,      1597.70,        56.32
    40.315,   270,    57,      1598.70,        56.61
    40.370,   269,    56,      1600.12,        55.97
    40.425,   268,    56,      1601.12,        55.03
    40.480,   268,    55,      1602.12,        55.36
    40.535,   267,    54,      1603.53,        54.78
    40.590,   266,    54,      1604.53,        53.85
    40.645,   264,    53,      1606.77,        52.39
    40.700,   263,    53,      1607.77,        51.48
    40.755,   263,    53,      1607.77,        51.48
    40.810,   261,    52,      1610.00,        50.09
    40.865,   259,    52,      1612.00,        48.30
    40.920,   258,    52,      1613.00,        47.41
    40.975,   256,    51,      1615.24,        46.14
    41.030,   258,    52,      1617.47,        47.41
    41.085,   256,    51,      1619.71,        46.14
    41.140,   252,    51,      1623.71,        42.72
    41.195,   247,    51,      1628.71,        38.60
    41.250,   250,    51,      1631.71,        41.05
    41.305,   248,    51,      1633.71,        39.41
    41.360,   240,    51,      1641.71,        33.24
    41.415,   244,    51,      1645.71,        36.24
    41.470,   242,    51,      1647.71,        34.71
    41.525,   240,    52,      1649.95,        32.56
    41.580,   236,    51,      1654.07,        30.48
    41.635,   231,    51,      1659.07,        27.46
    41.690,   227,    51,      1663.07,        25.50
    41.745,   231,    51,      1667.07,        27.46
    41.800,   226,    51,      1672.07,        25.08
    41.855,   226,    51,      1672.07,        25.08
    41.910,   226,    51,      1672.07,        25.08
    41.965,   223,    51,      1675.07,        24.04
    42.020,   220,    51,      1678.07,        23.35
    42.075,   220,    51,      1678.07,        23.35
    42.130,   218,    51,      1680.07,        23.09
    42.185,   216,    51,      1682.07,        23.00
    42.240,   214,    51,      1684.07,        23.09
    42.295,   212,    52,      1686.31,        22.36
    42.350,   209,    51,      1689.47,        24.04
    42.405,   208,    52,      1690.88,        23.41
    42.460,   206,    53,      1693.12,        23.26
    42.515,   204,    53,      1695.12,        24.19
    42.570,   202,    54,      1697.35,        24.41
    42.625,   200,    55,      1699.59,        24.84
    42.680,   198,    55,      1701.59,        26.17
    42.735,   197,    57,      1703.83,        25.50
    42.790,   194,    57,      1706.83,        27.80
    42.845,   193,    58,      1708.24,        28.02
    42.900,   191,    60,      1711.07,        28.65
    42.955,   189,    61,      1713.31,        29.97
    43.010,   187,    61,      1715.31,        31.78
    43.065,   186,    62,      1716.72,        32.31
    43.120,   184,    62,      1718.72,        34.18
    43.175,   182,    63,      1720.96,        35.74
    43.230,   180,    64,      1723.19,        37.36
    43.285,   178,    64,      1725.19,        39.29
    43.340,   173,    64,      1730.19,        44.15
    43.395,   173,    65,      1731.19,        43.93
    43.450,   172,    65,      1732.19,        44.91
    43.505,   170,    66,      1734.43,        46.69
    43.560,   167,    66,      1737.43,        49.65
    43.615,   166,    66,      1738.43,        50.64
    43.670,   165,    67,      1739.84,        51.48
    43.725,   161,    67,      1743.84,        55.44
    43.780,   154,    66,      1750.91,        62.51
    43.835,   156,    67,      1753.15,        60.41
    43.890,   155,    67,      1754.15,        61.40
    43.945,   153,    67,      1756.15,        63.39
    44.000,   149,    67,      1760.15,        67.36
    44.055,   144,    66,      1765.25,        72.44
    44.110,   142,    66,      1767.25,        74.43
    44.165,   145,    67,      1770.41,        71.34
    44.220,   140,    66,      1775.51,        76.42
    44.275,   138,    66,      1777.51,        78.41
    44.330,   139,    67,      1778.92,        77.32
    44.385,   136,    66,      1782.09,        80.40
    44.440,   133,    66,      1785.09,        83.38
    44.495,   130,    66,      1788.09,        86.37
    44.550,   125,    65,      1793.18,        91.44
    44.605,   129,    66,      1797.31,        87.37
    44.660,   127,    66,      1799.31,        89.36
    44.715,   124,    65,      1802.47,        92.44
    44.770,   122,    65,      1804.47,        94.43
    44.825,   121,    65,      1805.47,        95.43
    44.880,   117,    64,      1809.59,        99.50
    44.935,   118,    65,      1811.01,        98.41
    44.990,   115,    64,      1814.17,       101.49
    45.045,   115,    64,      1814.17,       101.49
    45.100,   114,    64,      1815.17,       102.49
    45.155,   111,    63,      1818.33,       105.57
    45.210,   110,    64,      1819.75,       106.47
    45.265,   108,    65,      1821.98,       108.37
    45.320,   107,    65,      1822.98,       109.37
    45.375,   105,    66,      1825.22,       111.29
    45.430,   104,    67,      1826.63,       112.22
    45.485,   103,    68,      1828.05,       113.16
    45.540,   103,    70,      1830.05,       113.07
    45.595,   101,    71,      1832.28,       115.04
    45.650,   101,    72,      1833.28,       115.02
    45.705,   101,    74,      1835.28,       115.00
    45.760,   101,    76,      1837.28,       115.02
    45.815,   101,    77,      1838.28,       115.04
    45.870,   101,    79,      1840.28,       115.11
    45.925,   101,    81,      1842.28,       115.21
    45.980,   101,    82,      1843.28,       115.28
    46.035,   101,    84,      1845.28,       115.43
    46.090,   102,    85,      1846.70,       114.53
    46.145,   102,    86,      1847.70,       114.63
    46.200,   103,    88,      1849.93,       113.86
    46.255,   103,    89,      1850.93,       113.99
    46.310,   104,    91,      1853.17,       113.28
    46.365,   105,    93,      1855.41,       112.61
    46.420,   106,    94,      1856.82,       111.80
    46.475,   106,    96,      1858.82,       112.18
    46.530,   108,    98,      1861.65,       110.63
    46.585,   109,    99,      1863.06,       109.88
    46.640,   109,   100,      1864.06,       110.11
    46.695,   110,   102,      1866.30,       109.64
    46.750,   112,   103,      1868.53,       107.97
    46.805,   114,   105,      1871.36,       106.61
    46.860,   115,   106,      1872.78,       105.95
    46.915,   116,   107,      1874.19,       105.30
    46.970,   118,   109,      1877.02,       104.06
    47.025,   119,   109,      1878.02,       103.12
    47.080,   121,   111,      1880.85,       101.95
    47.135,   120,   112,      1882.26,       103.25
    47.190,   122,   113,      1884.50,       101.77
    47.245,   125,   115,      1888.10,        99.81
    47.300,   127,   117,      1890.93,        98.84
    47.355,   126,   117,      1891.93,        99.74
    47.410,   128,   119,      1894.76,        98.84
    47.465,   130,   121,      1897.59,        98.01
    47.520,   131,   121,      1898.59,        97.13
    47.575,   132,   123,      1900.83,        97.25
    47.630,   133,   125,      1903.06,        97.42
    47.685,   134,   126,      1904.48,        97.10
    47.740,   136,   128,      1907.30,        96.52
    47.795,   137,   130,      1909.54,        96.83
    47.850,   138,   131,      1910.95,        96.61
    47.905,   139,   133,      1913.19,        97.01
    47.960,   140,   134,      1914.60,        96.83
    48.015,   141,   136,      1916.84,        97.31
    48.070,   141,   138,      1918.84,        98.60
    48.125,   141,   139,      1919.84,        99.25
    48.180,   142,   141,      1922.08,        99.82
    48.235,   142,   143,      1924.08,       101.18
    48.290,   142,   144,      1925.08,       101.86
    48.345,   143,   147,      1928.24,       103.24
    48.400,   144,   149,      1930.47,       103.97
    48.455,   144,   150,      1931.47,       104.69
    48.510,   145,   152,      1933.71,       105.48
    48.565,   145,   155,      1936.71,       107.71
    48.620,   146,   156,      1938.13,       107.81
    48.675,   146,   158,      1940.13,       109.34
    48.730,   147,   160,      1942.36,       110.26
    48.785,   147,   161,      1943.36,       111.04
    48.840,   148,   164,      1946.52,       112.80
    48.895,   148,   165,      1947.52,       113.60
    48.950,   150,   167,      1950.35,       114.04
    49.005,   149,   169,      1952.59,       116.25
    49.060,   151,   171,      1955.42,       116.76
    49.115,   152,   173,      1957.65,       117.89
    49.170,   153,   175,      1959.89,       119.04
    49.225,   154,   176,      1961.30,       119.36
    49.280,   154,   178,      1963.30,       121.08
    49.335,   156,   181,      1966.91,       122.67
    49.390,   157,   182,      1968.32,       123.07
    49.445,   159,   184,      1971.15,       123.89
    49.500,   160,   185,      1972.57,       124.33
    49.555,   160,   185,      1972.57,       124.33
    49.610,   167,   187,      1979.85,       123.17
    49.665,   172,   187,      1984.85,       121.26
    49.720,   172,   186,      1985.85,       120.33
    49.775,   174,   186,      1987.85,       119.62
    49.830,   172,   185,      1990.08,       119.40
    49.885,   176,   184,      1994.20,       117.05
    49.940,   177,   183,      1995.62,       115.77
    49.995,   178,   182,      1997.03,       114.49
    50.050,   179,   180,      1999.27,       112.27
    50.105,   180,   180,      2000.27,       111.95
    50.160,   181,   178,      2002.50,       109.73
    50.215,   181,   176,      2004.50,       107.84
    50.270,   183,   176,      2006.50,       107.21
    50.325,   183,   174,      2008.50,       105.30
    50.380,   184,   173,      2009.92,       104.04
    50.435,   185,   172,      2011.33,       102.79
    50.490,   186,   170,      2013.57,       100.58
    50.545,   187,   169,      2014.98,        99.33
    50.600,   188,   167,      2017.22,        97.12
    50.655,   189,   165,      2019.46,        94.92
    50.710,   190,   164,      2020.87,        93.68
    50.765,   191,   162,      2023.11,        91.48
    50.820,   192,   161,      2024.52,        90.25
    50.875,   193,   160,      2025.93,        89.02
    50.930,   194,   158,      2028.17,        86.83
    50.985,   196,   156,      2031.00,        84.40
    51.040,   197,   155,      2032.41,        83.20
    51.095,   197,   153,      2034.41,        81.25
    51.150,   199,   151,      2037.24,        78.85
    51.205,   200,   150,      2038.66,        77.67
    51.260,   201,   148,      2040.89,        75.50
    51.315,   202,   147,      2042.31,        74.33
    51.370,   203,   144,      2045.47,        71.20
    51.425,   204,   142,      2047.70,        69.05
    51.480,   205,   141,      2049.12,        67.90
    51.535,   206,   139,      2051.35,        65.76
    51.590,   207,   137,      2053.59,        63.64
    51.645,   208,   136,      2055.01,        62.51
    51.700,   208,   133,      2058.01,        59.54
    51.755,   209,   131,      2060.24,        57.43
    51.810,   210,   130,      2061.66,        56.32
    51.865,   210,   128,      2063.66,        54.33
    51.920,   211,   125,      2066.82,        51.24
    51.975,   212,   124,      2068.23,        50.16
    52.030,   213,   122,      2070.47,        48.09
    52.085,   214,   120,      2072.70,        46.04
    52.140,   215,   119,      2074.12,        45.01
    52.195,   215,   116,      2077.12,        42.01
    52.250,   216,   114,      2079.35,        40.00
    52.305,   217,   113,      2080.77,        39.01
    52.360,   218,   111,      2083.00,        37.05
    52.415,   218,   109,      2085.00,        35.06
    52.470,   219,   107,      2087.24,        33.14
    52.525,   220,   105,      2089.48,        31.26
    52.580,   221,   104,      2090.89,        30.41
    52.635,   222,   102,      2093.13,        28.64
    52.690,   223,    99,      2096.29,        25.96
    52.745,   223,    98,      2097.29,        25.00
    52.800,   224,    96,      2099.53,        23.41
    52.855,   225,    94,      2101.76,        21.93
    52.910,   226,    93,      2103.18,        21.47
    52.965,   227,    91,      2105.41,        20.25
    53.020,   228,    89,      2107.65,        19.21
    53.075,   228,    88,      2108.65,        18.44
    53.130,   228,    85,      2111.65,        16.28
    53.185,   230,    83,      2114.48,        16.64
    53.240,   230,    82,      2115.48,        16.12
    53.295,   231,    80,      2117.71,        16.16
    53.350,   231,    79,      2118.71,        15.81
    53.405,   231,    76,      2121.71,        15.13
    53.460,   231,    74,      2123.71,        15.00
    53.515,   231,    73,      2124.71,        15.03
    53.570,   232,    71,      2126.95,        16.28
    53.625,   232,    70,      2127.95,        16.49
    53.680,   231,    70,      2128.95,        15.52
