     2.420,   183,   241,         0.00,       170.23
     2.475,   181,   239,         2.83,       168.67
     2.530,   177,   235,         8.49,       165.66
     2.585,   177,   232,        11.49,       162.74
     2.640,   176,   231,        12.90,       162.02
     2.695,   176,   230,        13.90,       161.05
     2.750,   175,   229,        15.31,       160.33
     2.805,   175,   229,        15.31,       160.33
     2.860,   175,   228,        16.31,       159.36
     2.915,   198,   227,        39.34,       154.06
     2.970,   198,   224,        42.34,       151.08
     3.025,   191,   222,        49.62,       150.10
     3.080,   197,   220,        55.94,       147.23
     3.135,   197,   218,        57.94,       145.25
     3.190,   196,   216,        60.18,       143.40
     3.245,   201,   216,        65.18,       142.79
     3.300,   199,   214,        68.00,       141.03
     3.355,   198,   212,        70.24,       139.17
     3.410,   200,   212,        72.24,       138.92
     3.465,   201,   211,        73.65,       137.82
     3.520,   202,   210,        75.07,       136.72
     3.575,   202,   210,        75.07,       136.72
     3.630,   206,   210,        79.07,       136.37
     3.685,   205,   210,        80.07,       136.44
     3.740,   204,   210,        81.07,       136.53
     3.795,   205,   210,        82.07,       136.44
     3.850,   207,   212,        84.90,       138.29
     3.905,   201,   213,        90.98,       139.81
     3.960,   202,   214,        92.39,       140.70
     4.015,   208,   216,        98.72,       142.23
     4.070,   182,   220,       125.02,       149.91
     4.125,   183,   218,       127.26,       147.73
     4.180,   184,   217,       128.68,       146.54
     4.235,   185,   214,       131.84,       143.39
     4.290,   185,   212,       133.84,       141.44
     4.345,   187,   212,       135.84,       141.01
     4.400,   188,   210,       138.07,       138.85
     4.455,   189,   208,       140.31,       136.69
     4.510,   191,   207,       142.55,       135.33
     4.565,   192,   205,       144.78,       133.18
     4.620,   193,   203,       147.02,       131.03
     4.675,   195,   202,       149.25,       129.71
     4.730,   196,   200,       151.49,       127.58
     4.785,   198,   198,       154.32,       125.30
     4.840,   199,   197,       155.73,       124.17
     4.895,   201,   195,       158.56,       121.93
     4.950,   202,   194,       159.98,       120.81
     5.005,   204,   192,       162.80,       118.61
     5.060,   205,   190,       165.04,       116.52
     5.115,   206,   188,       167.28,       114.44
     5.170,   208,   186,       170.10,       112.29
     5.225,   210,   184,       172.93,       110.16
     5.280,   211,   183,       174.35,       109.11
     5.335,   212,   180,       177.51,       106.08
     5.390,   214,   178,       180.34,       104.02
     5.445,   215,   176,       182.57,       102.00
     5.500,   216,   174,       184.81,       100.00
     5.555,   217,   171,       187.97,        97.01
     5.610,   219,   170,       190.21,        96.05
     5.665,   221,   168,       193.04,        94.13
     5.720,   222,   165,       196.20,        91.20
     5.775,   223,   164,       197.61,        90.27
     5.830,   225,   161,       201.22,        87.46
     5.885,   226,   160,       202.63,        86.58
     5.940,   228,   157,       206.24,        83.86
     5.995,   230,   155,       209.07,        82.20
     6.050,   231,   154,       210.48,        81.39
     6.105,   233,   151,       214.09,        78.85
     6.160,   234,   148,       217.25,        76.16
     6.215,   235,   147,       218.66,        75.43
     6.270,   236,   144,       221.83,        72.80
     6.325,   237,   141,       224.99,        70.21
     6.380,   237,   139,       226.99,        68.31
     6.435,   238,   137,       229.22,        66.73
     6.490,   239,   134,       232.39,        64.26
     6.545,   240,   132,       234.62,        62.77
     6.600,   241,   130,       236.86,        61.33
     6.655,   241,   127,       239.86,        58.60
     6.710,   242,   125,       242.09,        57.25
     6.765,   243,   123,       244.33,        55.95
     6.820,   244,   121,       246.57,        54.71
     6.875,   244,   118,       249.57,        52.15
     6.930,   245,   116,       251.80,        51.04
     6.985,   246,   114,       254.04,        50.00
     7.040,   246,   111,       257.04,        47.63
     7.095,   246,   109,       259.04,        46.10
     7.150,   246,   107,       261.04,        44.60
     7.205,   247,   104,       264.20,        43.14
     7.260,   247,   102,       266.20,        41.77
     7.315,   247,   100,       268.20,        40.46
     7.370,   247,    98,       270.20,        39.20
     7.425,   248,    95,       273.36,        38.28
     7.480,   248,    94,       274.36,        37.74
     7.535,   248,    91,       277.36,        36.24
     7.590,   249,    88,       280.53,        35.85
     7.645,   250,    87,       281.94,        36.40
     7.700,   250,    85,       283.94,        35.74
     7.755,   250,    83,       285.94,        35.17
     7.810,   252,    81,       288.77,        36.67
     7.865,   252,    79,       290.77,        36.35
     7.920,   253,    77,       293.00,        37.12
     7.975,   254,    75,       295.24,        38.01
     8.030,   254,    73,       297.24,        38.01
     8.085,   255,    72,       298.65,        39.05
     8.140,   255,    69,       301.65,        39.32
     8.195,   255,    67,       303.65,        39.62
     8.250,   256,    66,       305.07,        40.79
     8.305,   255,    64,       307.30,        40.26
     8.360,   254,    62,       309.54,        39.85
     8.415,   254,    61,       310.54,        40.16
     8.470,   253,    59,       312.78,        39.92
     8.525,   252,    58,       314.19,        39.40
     8.580,   250,    57,       316.43,        38.01
     8.635,   250,    56,       317.43,        38.47
     8.690,   248,    55,       319.66,        37.22
     8.745,   247,    55,       320.66,        36.36
     8.800,   243,    53,       325.14,        34.21
     8.855,   242,    53,       326.14,        33.42
     8.910,   239,    52,       329.30,        31.83
     8.965,   237,    51,       331.53,        31.14
     9.020,   236,    51,       332.53,        30.48
     9.075,   233,    50,       335.70,        29.41
     9.130,   231,    49,       337.93,        29.15
     9.185,   230,    49,       338.93,        28.65
     9.240,   227,    48,       342.09,        28.23
     9.295,   228,    48,       343.09,        28.64
     9.350,   226,    48,       345.09,        27.86
     9.405,   227,    48,       346.09,        28.23
     9.460,   224,    48,       349.09,        27.20
     9.515,   221,    48,       352.09,        26.48
     9.570,   219,    48,       354.09,        26.17
     9.625,   216,    48,       357.09,        26.00
     9.680,   214,    49,       359.33,        25.08
     9.735,   211,    48,       362.49,        26.48
     9.790,   209,    49,       364.73,        25.96
     9.845,   207,    50,       366.96,        25.63
     9.900,   205,    50,       368.96,        26.40
     9.955,   201,    50,       372.96,        28.30
    10.010,   197,    50,       376.96,        30.61
    10.065,   192,    49,       382.06,        34.66
    10.120,   194,    50,       384.30,        32.56
    10.175,   189,    49,       389.40,        36.80
    10.230,   188,    49,       390.40,        37.54
    10.285,   184,    49,       394.40,        40.61
    10.340,   184,    49,       394.40,        40.61
    10.395,   182,    49,       396.40,        42.20
    10.450,   180,    49,       398.40,        43.83
    10.505,   172,    48,       406.46,        51.11
    10.560,   171,    48,       407.46,        51.97
    10.615,   173,    49,       409.70,        49.74
    10.670,   166,    48,       416.77,        56.36
    10.725,   168,    49,       419.00,        54.12
    10.780,   166,    49,       421.00,        55.90
    10.835,   157,    48,       430.06,        64.47
    10.890,   160,    49,       433.22,        61.33
    10.945,   158,    49,       435.22,        63.16
    11.000,   151,    48,       442.29,        70.01
    11.055,   152,    49,       443.71,        68.71
    11.110,   151,    49,       444.71,        69.64
    11.165,   145,    48,       450.79,        75.61
    11.220,   141,    48,       454.79,        79.38
    11.275,   142,    48,       455.79,        78.43
    11.330,   141,    48,       456.79,        79.38
    11.385,   136,    48,       461.79,        84.12
    11.440,   137,    48,       462.79,        83.17
    11.495,   135,    48,       464.79,        85.07
    11.550,   133,    49,       467.03,        86.68
    11.605,   131,    48,       469.26,        88.89
    11.660,   129,    49,       471.50,        90.52
    11.715,   127,    49,       473.50,        92.44
    11.770,   123,    48,       477.62,        96.57
    11.825,   123,    49,       478.62,        96.30
    11.880,   120,    50,       481.78,        98.95
    11.935,   117,    49,       484.95,       102.11
    11.990,   117,    50,       485.95,       101.87
    12.045,   114,    51,       489.11,       104.56
    12.100,   113,    51,       490.11,       105.54
    12.155,   111,    53,       492.94,       107.08
    12.210,   109,    53,       494.94,       109.04
    12.265,   108,    55,       497.17,       109.66
    12.320,   107,    57,       499.41,       110.32
    12.375,   106,    58,       500.82,       111.16
    12.430,   105,    60,       503.06,       111.88
    12.485,   105,    62,       505.06,       111.65
    12.540,   103,    63,       507.29,       113.53
    12.595,   102,    65,       509.53,       114.35
    12.650,   103,    68,       512.69,       113.16
    12.705,   102,    69,       514.11,       114.11
    12.760,   101,    71,       516.34,       115.04
    12.815,   101,    74,       519.34,       115.00
    12.870,   100,    75,       520.76,       116.00
    12.925,    99,    78,       523.92,       117.07
    12.980,    99,    80,       525.92,       117.15
    13.035,    99,    82,       527.92,       117.27
    13.090,    98,    84,       530.16,       118.42
    13.145,    98,    86,       532.16,       118.61
    13.200,    98,    88,       534.16,       118.83
    13.255,    97,    91,       537.32,       120.21
    13.310,    96,    92,       538.73,       121.34
    13.365,    97,    95,       541.89,       120.84
    13.420,    96,    97,       544.13,       122.18
    13.475,    96,    99,       546.13,       122.58
    13.530,    96,   102,       549.13,       123.22
    13.585,    97,   105,       552.29,       122.97
    13.640,    96,   106,       553.71,       124.19
    13.695,    97,   109,       556.87,       124.04
    13.750,    98,   111,       559.11,       123.66
    13.805,    98,   113,       561.11,       124.28
    13.860,    97,   115,       563.34,       125.87
    13.915,    99,   118,       566.95,       125.00
    13.970,    99,   119,       567.95,       125.36
    14.025,   100,   122,       571.11,       125.54
    14.080,   101,   124,       573.35,       125.40
    14.135,   102,   126,       575.58,       125.30
    14.190,   102,   128,       577.58,       126.14
    14.245,   103,   130,       579.82,       126.12
    14.300,   105,   133,       583.42,       125.71
    14.355,   106,   135,       585.66,       125.78
    14.410,   105,   136,       587.07,       127.14
    14.465,   107,   139,       590.68,       126.91
    14.520,   108,   141,       592.92,       127.09
    14.575,   108,   142,       593.92,       127.62
    14.630,   109,   145,       597.08,       128.41
    14.685,   112,   148,       601.32,       127.64
    14.740,   112,   149,       602.32,       128.22
    14.795,   113,   151,       604.56,       128.60
    14.850,   115,   153,       607.38,       128.23
    14.905,   116,   154,       608.80,       128.06
    14.960,   116,   156,       610.80,       129.32
    15.015,   119,   158,       614.40,       128.32
    15.070,   120,   159,       615.82,       128.22
    15.125,   121,   161,       618.05,       128.82
    15.180,   124,   162,       621.22,       127.31
    15.235,   127,   164,       624.82,       126.57
    15.290,   129,   166,       627.65,       126.62
    15.345,   128,   166,       628.65,       127.31
    15.400,   131,   167,       631.81,       125.99
    15.455,   134,   169,       635.42,       125.50
    15.510,   136,   170,       637.65,       124.96
    15.565,   136,   171,       638.65,       125.73
    15.620,   139,   172,       641.82,       124.63
    15.675,   141,   173,       644.05,       124.20
    15.730,   144,   175,       647.66,       124.04
    15.785,   146,   176,       649.89,       123.71
    15.840,   146,   176,       649.89,       123.71
    15.895,   148,   178,       652.72,       124.26
    15.950,   152,   180,       657.20,       123.82
    16.005,   153,   180,       658.20,       123.31
    16.060,   154,   181,       659.61,       123.66
    16.115,   156,   182,       661.85,       123.55
    16.170,   159,   183,       665.01,       123.00
    16.225,   162,   185,       668.61,       123.44
    16.280,   163,   185,       669.61,       123.00
    16.335,   166,   186,       672.78,       122.65
    16.390,   166,   187,       673.78,       123.57
    16.445,   172,   188,       679.86,       122.20
    16.500,   174,   189,       682.09,       122.43
    16.555,   173,   189,       683.09,       122.78
    16.610,   181,   190,       691.16,       121.17
    16.665,   183,   190,       693.16,       120.60
    16.720,   187,   190,       697.16,       119.57
    16.775,   189,   189,       699.39,       118.13
    16.830,   189,   189,       699.39,       118.13
    16.885,   193,   189,       703.39,       117.28
    16.940,   193,   188,       704.39,       116.30
    16.995,   195,   188,       706.39,       115.92
    17.050,   196,   187,       707.81,       114.76
    17.105,   199,   187,       710.81,       114.27
    17.160,   201,   187,       712.81,       113.99
    17.215,   202,   186,       714.22,       112.87
    17.270,   205,   186,       717.22,       112.54
    17.325,   208,   187,       720.38,       113.28
    17.380,   209,   186,       721.80,       112.22
    17.435,   213,   186,       725.80,       112.04
    17.490,   214,   186,       726.80,       112.02
    17.545,   215,   185,       728.21,       111.00
    17.600,   219,   186,       732.34,       112.04
    17.655,   220,   185,       733.75,       111.07
    17.710,   223,   184,       736.91,       110.22
    17.765,   225,   184,       738.91,       110.37
    17.820,   227,   183,       741.15,       109.55
    17.875,   228,   182,       742.56,       108.66
    17.930,   230,   180,       745.39,       106.92
    17.985,   231,   178,       747.63,       105.08
    18.040,   233,   176,       750.45,       103.41
    18.095,   234,   175,       751.87,       102.59
    18.150,   235,   173,       754.11,       100.81
    18.205,   236,   172,       755.52,       100.02
    18.260,   238,   171,       757.76,        99.46
    18.315,   238,   168,       760.76,        96.54
    18.370,   240,   167,       762.99,        96.05
    18.425,   241,   166,       764.41,        95.34
    18.480,   243,   164,       767.23,        93.96
    18.535,   244,   163,       768.65,        93.30
    18.590,   246,   161,       771.48,        92.03
    18.645,   247,   159,       773.71,        90.48
    18.700,   248,   158,       775.13,        89.89
    18.755,   250,   156,       777.96,        88.77
    18.810,   251,   153,       781.12,        86.41
    18.865,   252,   152,       782.53,        85.91
    18.920,   254,   150,       785.36,        84.97
    18.975,   255,   148,       787.60,        83.65
    19.030,   257,   147,       789.83,        83.73
    19.085,   258,   145,       792.07,        82.49
    19.140,   260,   143,       794.90,        81.84
    19.195,   261,   142,       796.31,        81.54
    19.250,   262,   140,       798.55,        80.45
    19.305,   264,   138,       801.38,        80.00
    19.360,   264,   136,       803.38,        78.41
    19.415,   266,   134,       806.20,        78.10
    19.470,   267,   133,       807.62,        77.99
    19.525,   268,   131,       809.85,        77.16
    19.580,   269,   129,       812.09,        76.38
    19.635,   270,   127,       814.33,        75.66
    19.690,   271,   125,       816.56,        75.01
    19.745,   272,   122,       819.72,        73.76
    19.800,   273,   121,       821.14,        73.88
    19.855,   273,   119,       823.14,        72.62
    19.910,   274,   116,       826.30,        71.61
    19.965,   274,   115,       827.30,        71.03
    20.020,   274,   113,       829.30,        69.89
    20.075,   275,   110,       832.46,        69.12
    20.130,   274,   108,       834.70,        67.23
    20.185,   274,   106,       836.70,        66.24
    20.240,   274,   103,       839.70,        64.85
    20.295,   274,   102,       840.70,        64.40
    20.350,   275,   100,       842.94,        64.47
    20.405,   275,    99,       843.94,        64.08
    20.460,   274,    96,       847.10,        62.03
    20.515,   273,    93,       850.26,        60.08
    20.570,   273,    92,       851.26,        59.77
    20.625,   273,    90,       853.26,        59.20
    20.680,   273,    87,       856.26,        58.46
    20.735,   273,    86,       857.26,        58.25
    20.790,   272,    83,       860.42,        56.72
    20.845,   271,    81,       862.66,        55.44
    20.900,   270,    80,       864.07,        54.33
    20.955,   270,    78,       866.07,        54.15
    21.010,   268,    76,       868.90,        52.04
    21.065,   267,    75,       870.32,        51.01
    21.120,   264,    73,       873.92,        48.01
    21.175,   264,    72,       874.92,        48.04
    21.230,   260,    71,       879.04,        44.10
    21.285,   261,    70,       880.46,        45.18
    21.340,   259,    69,       882.69,        43.29
    21.395,   258,    69,       883.69,        42.30
    21.450,   255,    67,       887.30,        39.62
    21.505,   255,    67,       887.30,        39.62
    21.560,   252,    66,       890.46,        36.88
    21.615,   251,    65,       891.88,        36.14
    21.670,   250,    65,       892.88,        35.17
    21.725,   246,    63,       897.35,        31.95
    21.780,   245,    62,       898.76,        31.38
    21.835,   244,    62,       899.76,        30.46
    21.890,   244,    61,       900.76,        30.87
    21.945,   243,    60,       902.18,        30.41
    22.000,   242,    59,       903.59,        30.02
    22.055,   241,    58,       905.01,        29.68
    22.110,   242,    58,       906.01,        30.53
    22.165,   243,    59,       907.42,        30.89
    22.220,   242,    58,       908.83,        30.53
    22.275,   241,    58,       909.83,        29.68
    22.330,   239,    58,       911.83,        28.02
    22.385,   241,    58,       913.83,        29.68
